time,actual time,voltage,current,capacity,SoC,dQ,dv,ICA,ICA_unused
0,27669,4.06346,-0.00105957,1948,0.572941176,,,,
10,27679,3.12108,-3.39509,1948,0.572941176,,,,
20,27689,3.04184,-3.39486,1938.569833,0.570167598,-9.430167,-0.07924,,0.11900766
30,27699,2.98731,-3.39474,1929.14,0.567394118,-9.429833,-0.05453,,0.172929268
40,27709,2.94702,-3.3949,1919.709722,0.564620507,-9.430278,-0.04029,,0.234060015
50,27719,2.92158,-3.39469,1910.280028,0.561847067,-9.429694,-0.02544,,0.370664072
60,27729,2.91463,-3.39479,1900.850056,0.559073546,-9.429972,-0.00695,,1.356830504
70,27739,2.92689,-3.39482,1891.42,0.5563,-9.430056,0.01226,,0.769172594
80,27749,2.9533,-3.39489,1881.98975,0.553526397,-9.43025,0.02641,,0.357071185
90,27759,2.98648,-3.39477,1872.559833,0.550752892,-9.429917,0.03318,,0.284204852
100,27769,3.01979,-3.39476,1863.129944,0.547979395,-9.429889,0.03331,,0.283094836
110,27779,3.04986,-3.39477,1853.700028,0.545205891,-9.429916,0.03007,,0.313598803
120,27789,3.0741,-3.3947,1844.270306,0.542432443,-9.429722,0.02424,,0.389014934
130,27799,3.09283,-3.39477,1834.840389,0.539658938,-9.429917,0.01873,,0.503465937
140,27809,3.11102,-3.39474,1825.410556,0.536885458,-9.429833,0.01819,,0.518407532
150,27819,3.12462,-3.39482,1815.9805,0.534111912,-9.430056,0.0136,,0.693386471
160,27829,3.13548,-3.39482,1806.550444,0.531338366,-9.430056,0.01086,,0.868329282
170,27839,3.14421,-3.39465,1797.120861,0.528564959,-9.429583,0.00873,,1.08013551
180,27849,3.15092,-3.39471,1787.691111,0.525791503,-9.42975,0.00671,,1.405327869
190,27859,3.15639,-3.39484,1778.261,0.523017941,-9.430111,0.00547,,1.723969104
200,27869,3.16051,-3.3948,1768.831,0.520244412,-9.43,0.00412,,2.288834951
210,27879,3.16371,-3.39485,1759.400861,0.517470842,-9.430139,0.0032,,2.946918437
220,27889,3.16598,-3.39477,1749.970944,0.514697337,-9.429917,0.00227,,4.154148458
230,27899,3.16717,-3.39471,1740.541194,0.511923881,-9.42975,0.00119,,7.924159664
240,27909,3.16777,-3.39472,1731.111417,0.509150417,-9.429777,0.0006,,15.716295
250,27919,3.16811,-3.39461,1721.681944,0.506377042,-9.429473,0.00034,,27.73374412
260,27929,3.16793,-3.39485,1712.251806,0.503603472,-9.430138,-0.00018,,
270,27939,3.16713,-3.39463,1702.822278,0.500830082,-9.429528,-0.0008,11.78691,
280,27949,3.16596,-3.39457,1693.392917,0.49805674,-9.429361,-0.00117,8.059282906,
290,27959,3.16441,-3.3949,1683.962639,0.495283129,-9.430278,-0.00155,6.084050323,
300,27969,3.16269,-3.3947,1674.532917,0.492509681,-9.429722,-0.00172,5.482396512,
310,27979,3.16073,-3.39465,1665.103333,0.489736275,-9.429584,-0.00196,4.811012245,
320,27989,3.1585,-3.39489,1655.673083,0.486962672,-9.43025,-0.00223,4.228811659,
330,27999,3.15611,-3.39487,1646.242889,0.484189085,-9.430194,-0.00239,3.945687866,
340,28009,3.15346,-3.39485,1636.81275,0.481415515,-9.430139,-0.00265,3.558543019,
350,28019,3.15084,-3.3948,1627.38275,0.478641985,-9.43,-0.00262,3.599236641,
360,28029,3.14788,-3.39471,1617.953,0.475868529,-9.42975,-0.00296,3.185726351,
370,28039,3.14501,-3.39488,1608.522778,0.473094935,-9.430222,-0.00287,3.285791638,
380,28049,3.14195,-3.39475,1599.092917,0.470321446,-9.429861,-0.00306,3.081653922,
390,28059,3.13876,-3.39487,1589.662722,0.467547859,-9.430195,-0.00319,2.956173981,
400,28069,3.13564,-3.39463,1580.233194,0.464774469,-9.429528,-0.00312,3.022284615,
410,28079,3.13255,-3.3947,1570.803472,0.462001021,-9.429722,-0.00309,3.051689968,
420,28089,3.12953,-3.3949,1561.373194,0.45922741,-9.430278,-0.00302,3.122608609,
430,28099,3.12662,-3.39486,1551.943028,0.456453832,-9.430166,-0.00291,3.240606873,
440,28109,3.1236,-3.39493,1542.512667,0.453680196,-9.430361,-0.00302,3.122636093,
450,28119,3.12085,-3.39472,1533.082889,0.450906732,-9.429778,-0.00275,3.429010182,
460,28129,3.11827,-3.39477,1523.652972,0.448133227,-9.429917,-0.00258,3.655006589,
470,28139,3.11524,-3.39474,1514.223139,0.445359747,-9.429833,-0.00303,3.112156106,
480,28149,3.11237,-3.39468,1504.793472,0.442586315,-9.429667,-0.00287,3.285598258,
490,28159,3.10946,-3.39497,1495.363,0.439812647,-9.430472,-0.00291,3.240712027,
500,28169,3.10676,-3.39469,1485.933306,0.437039208,-9.429694,-0.0027,3.492479259,
510,28179,3.10404,-3.39447,1476.504222,0.434265948,-9.429084,-0.00272,3.466575,
520,28189,3.10147,-3.39475,1467.074361,0.431492459,-9.429861,-0.00257,3.669206615,
530,28199,3.09889,-3.39464,1457.644806,0.42871906,-9.429555,-0.00258,3.654866279,
540,28209,3.0963,-3.39481,1448.214778,0.425945523,-9.430028,-0.00259,3.640937452,
550,28219,3.09392,-3.39465,1438.785194,0.423172116,-9.429584,-0.00238,3.962010084,
560,28229,3.09156,-3.39478,1429.35525,0.420398603,-9.429944,-0.00236,3.995738983,
570,28239,3.08935,-3.39466,1419.925639,0.417625188,-9.429611,-0.00221,4.266792308,
580,28249,3.08706,-3.39465,1410.496056,0.414851781,-9.429583,-0.00229,4.117721834,
590,28259,3.08489,-3.39473,1401.06625,0.412078309,-9.429806,-0.00217,4.345532719,
600,28269,3.08274,-3.39478,1391.636306,0.409304796,-9.429944,-0.00215,4.386020465,
610,28279,3.08064,-3.39487,1382.206111,0.406531209,-9.430195,-0.0021,4.490569048,
620,28289,3.07864,-3.39492,1372.775778,0.403757582,-9.430333,-0.002,4.7151665,
630,28299,3.07666,-3.39494,1363.345389,0.400983938,-9.430389,-0.00198,4.762822727,
640,28309,3.07465,-3.39489,1353.915139,0.398210335,-9.43025,-0.00201,4.691666667,
650,28319,3.0727,-3.39482,1344.485083,0.395436789,-9.430056,-0.00195,4.835926154,
660,28329,3.07076,-3.39499,1335.054556,0.392663105,-9.430527,-0.00194,4.861096392,
670,28339,3.06916,-3.3947,1325.624833,0.389889657,-9.429723,-0.0016,5.893576875,
680,28349,3.06755,-3.39458,1316.195444,0.387116307,-9.429389,-0.00161,5.856763354,
690,28359,3.06589,-3.39487,1306.76525,0.384342721,-9.430194,-0.00166,5.680839759,
700,28369,3.06418,-3.39461,1297.335778,0.381569346,-9.429472,-0.00171,5.514311111,
710,28379,3.06236,-3.39458,1287.906389,0.378795997,-9.429389,-0.00182,5.180982967,
720,28389,3.06078,-3.39467,1278.47675,0.376022574,-9.429639,-0.00158,5.968125949,
730,28399,3.05906,-3.39487,1269.046556,0.373248987,-9.430194,-0.00172,5.48267093,
740,28409,3.05737,-3.39482,1259.6165,0.370475441,-9.430056,-0.00169,5.579914793,
750,28419,3.05557,-3.39474,1250.186667,0.367701961,-9.429833,-0.0018,5.238796111,
760,28429,3.05388,-3.39487,1240.756472,0.364928374,-9.430195,-0.00169,5.579997041,
770,28439,3.05216,-3.39458,1231.327083,0.362155025,-9.429389,-0.00172,5.482202907,
780,28449,3.05045,-3.39455,1221.897778,0.359381699,-9.429305,-0.00171,5.51421345,
790,28459,3.04867,-3.39478,1212.467833,0.356608186,-9.429945,-0.00178,5.29772191,
800,28469,3.04678,-3.39482,1203.037778,0.353834641,-9.430055,-0.00189,4.98944709,
810,28479,3.0448,-3.39485,1193.607639,0.35106107,-9.430139,-0.00198,4.762696465,
820,28489,3.04303,-3.39472,1184.177861,0.348287606,-9.429778,-0.00177,5.327558192,
830,28499,3.041,-3.39467,1174.748222,0.345514183,-9.429639,-0.00203,4.645142365,
840,28509,3.03911,-3.39474,1165.318389,0.342740703,-9.429833,-0.00189,4.98932963,
850,28519,3.03704,-3.39491,1155.888083,0.339967083,-9.430306,-0.00207,4.555703382,
860,28529,3.03491,-3.39453,1146.458833,0.337193775,-9.42925,-0.00213,4.426877934,
870,28539,3.03276,-3.3946,1137.029389,0.334420408,-9.429444,-0.00215,4.385787907,
880,28549,3.03052,-3.39458,1127.6,0.331647059,-9.429389,-0.00224,4.209548661,
890,28559,3.02848,-3.39481,1118.169972,0.328873521,-9.430028,-0.00204,4.622562745,
900,28569,3.02647,-3.39501,1108.739389,0.32609982,-9.430583,-0.00201,4.691832338,
910,28579,3.0243,-3.39472,1099.309611,0.323326356,-9.429778,-0.00217,4.345519816,
920,28589,3.02196,-3.39471,1089.879861,0.3205529,-9.42975,-0.00234,4.029807692,
930,28599,3.01967,-3.39456,1080.450528,0.317779567,-9.429333,-0.00229,4.117612664,
940,28609,3.01744,-3.3948,1071.020528,0.315006038,-9.43,-0.00223,4.228699552,
950,28619,3.01513,-3.39481,1061.5905,0.3122325,-9.430028,-0.00231,4.082263203,
960,28629,3.0126,-3.39479,1052.160528,0.309458979,-9.429972,-0.00253,3.72726166,
970,28639,3.01023,-3.39463,1042.731,0.306685588,-9.429528,-0.00237,3.978703797,
980,28649,3.00766,-3.39442,1033.302056,0.303912369,-9.428944,-0.00257,3.668849805,
990,28659,3.00515,-3.39471,1023.872306,0.301138913,-9.42975,-0.00251,3.75687251,
1000,28669,3.00271,-3.39483,1014.442222,0.298365359,-9.430084,-0.00244,3.864788525,
1010,28679,3.00007,-3.3949,1005.011944,0.295591748,-9.430278,-0.00264,3.572075,
1020,28689,2.99733,-3.39477,995.5820278,0.292818243,-9.4299162,-0.00274,3.441575255,
1030,28699,2.99465,-3.39469,986.1523333,0.290044804,-9.4296945,-0.00268,3.518542724,
1040,28709,2.99179,-3.39452,976.7231111,0.287271503,-9.4292222,-0.00286,3.296930839,
1050,28719,2.98894,-3.39446,967.2940556,0.284498252,-9.4290555,-0.00285,3.308440526,
1060,28729,2.98615,-3.39498,957.8635556,0.281724575,-9.4305,-0.00279,3.380107527,
1070,28739,2.98313,-3.39466,948.4339444,0.27895116,-9.4296112,-0.00302,3.122387815,
1080,28749,2.9801,-3.39479,939.0039722,0.276177639,-9.4299722,-0.00303,3.112202046,
1090,28759,2.97712,-3.39461,929.5745,0.273404265,-9.4294722,-0.00298,3.164252416,
1100,28769,2.97438,-3.39489,920.14425,0.270630662,-9.43025,-0.00274,3.44169708,
1110,28779,2.9714,-3.39481,910.7142222,0.267857124,-9.4300278,-0.00298,3.164438859,
1120,28789,2.96839,-3.39496,901.2837778,0.265083464,-9.4304444,-0.00301,3.133038007,
1130,28799,2.96506,-3.39489,891.8535278,0.262309861,-9.43025,-0.00333,2.831906907,
1140,28809,2.96195,-3.39494,882.4231389,0.259536217,-9.4303889,-0.00311,3.032279389,
1150,28819,2.95867,-3.39487,872.9929444,0.256762631,-9.4301945,-0.00328,2.875059299,
1160,28829,2.95544,-3.39479,863.5629722,0.253989109,-9.4299722,-0.00323,2.919496037,
1170,28839,2.95213,-3.39474,854.1331389,0.251215629,-9.4298333,-0.00331,2.848892236,
1180,28849,2.94888,-3.39485,844.703,0.248442059,-9.4301389,-0.00325,2.9015812,
1190,28859,2.94557,-3.39484,835.2728889,0.245668497,-9.4301111,-0.00331,2.848976163,
1200,28869,2.94247,-3.39471,825.8431389,0.242895041,-9.42975,-0.0031,3.041854839,
1210,28879,2.93925,-3.39464,816.4135833,0.240121642,-9.4295556,-0.00322,2.928433416,
1220,28889,2.93561,-3.39474,806.98375,0.237348162,-9.4298333,-0.00364,2.590613544,
1230,28899,2.93205,-3.39476,797.5538611,0.234574665,-9.4298889,-0.00356,2.648845197,
1240,28909,2.9285,-3.39469,788.1241667,0.231801225,-9.4296944,-0.00355,2.656251944,
1250,28919,2.92496,-3.39483,778.6940833,0.229027672,-9.4300834,-0.00354,2.663865367,
1260,28929,2.92136,-3.3948,769.2640833,0.226254142,-9.43,-0.0036,2.619444444,
1270,28939,2.91769,-3.39485,759.8339444,0.223480572,-9.4301389,-0.00367,2.569520136,
1280,28949,2.91433,-3.39473,750.4041389,0.2207071,-9.4298055,-0.00336,2.806489732,
1290,28959,2.91067,-3.39479,740.9741667,0.217933578,-9.4299722,-0.00366,2.576495137,
1300,28969,2.9067,-3.39481,731.5441389,0.215160041,-9.4300278,-0.00397,2.375321864,
1310,28979,2.90357,-3.39478,722.1141944,0.212386528,-9.4299445,-0.00313,3.012761821,
1320,28989,2.90029,-3.39492,712.6838611,0.2096129,-9.4303333,-0.00328,2.875101616,
1330,28999,2.89684,-3.39481,703.2538333,0.206839363,-9.4300278,-0.00345,2.733341391,
1340,29009,2.89304,-3.39482,693.8237778,0.204065817,-9.4300555,-0.0038,2.481593553,
1350,29019,2.88933,-3.3949,684.3935,0.201292206,-9.4302778,-0.00371,2.541853854,
1360,29029,2.88577,-3.39489,674.96325,0.198518603,-9.43025,-0.00356,2.648946629,
1370,29039,2.88225,-3.39482,665.5331944,0.195745057,-9.4300556,-0.00352,2.678993068,
1380,29049,2.87861,-3.39487,656.103,0.192971471,-9.4301944,-0.00364,2.590712747,
1390,29059,2.87494,-3.39472,646.6732222,0.190198007,-9.4297778,-0.00367,2.569421744,
1400,29069,2.87136,-3.39487,637.2430278,0.18742442,-9.4301944,-0.00358,2.634132514,
1410,29079,2.86796,-3.39455,627.8137222,0.184651095,-9.4293056,-0.0034,2.773325176,
1420,29089,2.86476,-3.39463,618.3841944,0.181877704,-9.4295278,-0.0032,2.946727437,
1430,29099,2.86104,-3.39467,608.9545556,0.179104281,-9.4296388,-0.00372,2.53484914,
1440,29109,2.85727,-3.39478,599.5246111,0.176330768,-9.4299445,-0.00377,2.501311538,
1450,29119,2.85374,-3.39456,590.0952778,0.173557435,-9.4293333,-0.00353,2.671199235,
1460,29129,2.85028,-3.39481,580.66525,0.170783897,-9.4300278,-0.00346,2.725441561,
1470,29139,2.84652,-3.3947,571.2355278,0.168010449,-9.4297222,-0.00376,2.50790484,
1480,29149,2.84284,-3.39474,561.8056944,0.165236969,-9.4298334,-0.00368,2.562454728,
1490,29159,2.83904,-3.39471,552.3759444,0.162463513,-9.42975,-0.0038,2.481513158,
1500,29169,2.83506,-3.39466,542.9463333,0.159690098,-9.4296111,-0.00398,2.36924902,
1510,29179,2.83143,-3.39468,533.5166667,0.156916667,-9.4296666,-0.00363,2.597704298,
1520,29189,2.82789,-3.39495,524.08625,0.154143015,-9.4304167,-0.00354,2.66395952,
1530,29199,2.82434,-3.3947,514.6565278,0.151369567,-9.4297222,-0.00355,2.656259775,
1540,29209,2.82032,-3.39467,505.2268889,0.148596144,-9.4296389,-0.00402,2.345681318,
1550,29219,2.81654,-3.39466,495.7972778,0.145822729,-9.4296111,-0.00378,2.494606111,
1560,29229,2.8124,-3.39482,486.3672222,0.143049183,-9.4300556,-0.00414,2.277791208,
1570,29239,2.80844,-3.3947,476.9375,0.140275735,-9.4297222,-0.00396,2.38124298,
1580,29249,2.8042,-3.39475,467.5076389,0.137502247,-9.4298611,-0.00424,2.224023844,
1590,29259,2.79996,-3.39501,458.0770556,0.134728546,-9.4305833,-0.00424,2.224194175,
1600,29269,2.79586,-3.39483,448.6469722,0.131954992,-9.4300834,-0.0041,2.300020341,
1610,29279,2.79149,-3.39485,439.2168333,0.129181422,-9.4301389,-0.00437,2.157926522,
1620,29289,2.78704,-3.39492,429.7865,0.126407794,-9.4303333,-0.00445,2.119176022,
1630,29299,2.7829,-3.39481,420.3564722,0.123634257,-9.4300278,-0.00414,2.277784493,
1640,29309,2.77829,-3.39475,410.9266111,0.120860768,-9.4298611,-0.00461,2.045523015,
1650,29319,2.77368,-3.39492,401.4962778,0.118087141,-9.4303333,-0.00461,2.045625445,
1660,29329,2.76909,-3.3946,392.0668333,0.115313775,-9.4294445,-0.00459,2.054345207,
1670,29339,2.76461,-3.39489,382.6365833,0.112540172,-9.43025,-0.00448,2.104966518,
1680,29349,2.75984,-3.39457,373.2072222,0.10976683,-9.4293611,-0.00477,1.976805262,
1690,29359,2.75519,-3.39468,363.7775556,0.106993399,-9.4296666,-0.00465,2.02788529,
1700,29369,2.75044,-3.39479,354.3475833,0.104219877,-9.4299723,-0.00475,1.985257326,
1710,29379,2.74559,-3.39469,344.9178889,0.101446438,-9.4296944,-0.00485,1.944266887,
1720,29389,2.74062,-3.39467,335.48825,0.098673015,-9.4296389,-0.00497,1.89731165,
1730,29399,2.7358,-3.3945,326.0590833,0.09589973,-9.4291667,-0.00482,1.956258651,
1740,29409,2.73107,-3.39458,316.6296944,0.093126381,-9.4293889,-0.00473,1.993528309,
1750,29419,2.72601,-3.39464,307.2001389,0.090352982,-9.4295555,-0.00506,1.863548518,
1760,29429,2.7207,-3.39483,297.7700556,0.087579428,-9.4300833,-0.00531,1.775910226,
1770,29439,2.71536,-3.39473,288.34025,0.084805956,-9.4298056,-0.00534,1.765881199,
1780,29449,2.70992,-3.39468,278.9105833,0.082032525,-9.4296667,-0.00544,1.733394614,
1790,29459,2.70449,-3.39482,269.4805278,0.079258979,-9.4300555,-0.00543,1.736658471,
1800,29469,2.69902,-3.39482,260.0504722,0.076485433,-9.4300556,-0.00547,1.723958976,
1810,29479,2.69335,-3.3947,250.62075,0.073711985,-9.4297222,-0.00567,1.663090335,
1820,29489,2.68758,-3.39458,241.1913611,0.070938636,-9.4293889,-0.00577,1.634209515,
1830,29499,2.68117,-3.39466,231.76175,0.068165221,-9.4296111,-0.00641,1.471078175,
1840,29509,2.67593,-3.3947,222.3320278,0.065391773,-9.4297222,-0.00524,1.799565305,
1850,29519,2.67021,-3.39481,212.902,0.062618235,-9.4300278,-0.00572,1.648606259,
1860,29529,2.66404,-3.39464,203.4724444,0.059844837,-9.4295556,-0.00617,1.528291021,
1870,29539,2.65773,-3.39463,194.0429167,0.057071446,-9.4295277,-0.00631,1.494378399,
1880,29549,2.65134,-3.39462,184.6134167,0.054298064,-9.4295,-0.00639,1.475665102,
1890,29559,2.64475,-3.39458,175.1840278,0.051524714,-9.4293889,-0.00659,1.430863263,
1900,29569,2.63794,-3.39441,165.7551111,0.048751503,-9.4289167,-0.00681,1.384569266,
1910,29579,2.63105,-3.39471,156.3253611,0.045978047,-9.42975,-0.00689,1.368613933,
1920,29589,2.62391,-3.39472,146.8955833,0.043204583,-9.4297778,-0.00714,1.320697171,
1930,29599,2.61677,-3.39492,137.46525,0.040430956,-9.4303333,-0.00714,1.320774972,
1940,29609,2.60929,-3.39456,128.0359167,0.037657623,-9.4293333,-0.00748,1.260606056,
1950,29619,2.60214,-3.39448,118.6068056,0.034884355,-9.4291111,-0.00715,1.318756797,
1960,29629,2.59517,-3.39455,109.1775,0.032111029,-9.4293056,-0.00697,1.352841549,
1970,29639,2.5866,-3.3946,99.74805556,0.029337663,-9.42944444,-0.00857,1.100285232,
1980,29649,2.57832,-3.39463,90.31852778,0.026564273,-9.42952778,-0.00828,1.138831857,
1990,29659,2.56969,-3.3947,80.88880556,0.023790825,-9.42972222,-0.00863,1.092667696,
2000,29669,2.56077,-3.39479,71.45883333,0.021017304,-9.42997223,-0.00892,1.057171775,
2010,29679,2.5519,-3.39455,62.02952778,0.018243979,-9.42930555,-0.00887,1.063055868,
2020,29689,2.54257,-3.39438,52.60069444,0.015470792,-9.42883334,-0.00933,1.01059307,
2030,29699,2.53289,-3.39468,43.17102778,0.012697361,-9.42966666,-0.00968,0.974139118,
2040,29709,2.52317,-3.3947,33.74130556,0.009923913,-9.42972222,-0.00972,0.970136031,
2050,29719,2.51285,-3.39451,24.31211111,0.007150621,-9.42919445,-0.01032,0.913681633,
2060,29727,2.49969,-3.39455,14.88280556,0.004377296,-9.42930555,-0.01316,0.71651258,
