time,actual time,voltage,current,capacity,SoC,dQ,dv,ICA,
0,8369,3.98548,-0.00103924,2075,0.461111111,,,,
10,8379,3.13432,-4.49667,2075,0.461111111,,,,
20,8389,3.07712,-4.49676,2062.509,0.458335333,-12.491,-0.0572,,0.218374126
30,8399,3.05045,-4.49667,2050.01825,0.455559611,-12.49075,-0.02667,,0.468344582
40,8409,3.03389,-4.49647,2037.528056,0.452784012,-12.490194,-0.01656,,0.754238768
50,8419,3.02312,-4.49675,2025.037083,0.450008241,-12.490973,-0.01077,,1.159793222
60,8429,3.01672,-4.49678,2012.546028,0.447232451,-12.491055,-0.0064,,1.951727344
70,8439,3.01397,-4.49656,2000.055583,0.444456796,-12.490445,-0.00275,,4.54198
80,8449,3.01372,-4.49665,1987.564889,0.441681086,-12.490694,-0.00025,,49.962776
90,8459,3.01598,-4.49655,1975.074472,0.438905438,-12.490417,0.00226,,5.526733186
100,8469,3.01963,-4.49656,1962.584028,0.436129784,-12.490444,0.00365,,3.422039452
110,8479,3.02432,-4.4967,1950.093194,0.433354043,-12.490834,0.00469,,2.663290832
120,8489,3.02998,-4.49671,1937.602333,0.430578296,-12.490861,0.00566,,2.206865901
130,8499,3.03623,-4.4964,1925.112333,0.427802741,-12.49,0.00625,,1.9984
140,8509,3.04276,-4.49647,1912.622139,0.425027142,-12.490194,0.00653,,1.912740276
150,8519,3.04917,-4.49668,1900.131361,0.422251414,-12.490778,0.00641,,1.948639314
160,8529,3.05552,-4.49675,1887.640389,0.419475642,-12.490972,0.00635,,1.967082205
170,8539,3.06174,-4.49667,1875.149639,0.41669992,-12.49075,0.00622,,2.008159164
180,8549,3.06759,-4.49661,1862.659056,0.413924235,-12.490583,0.00585,,2.135142393
190,8559,3.07289,-4.49673,1850.168139,0.411148475,-12.490917,0.0053,,2.356776792
200,8569,3.07792,-4.49662,1837.677528,0.408372784,-12.490611,0.00503,,2.483222863
210,8579,3.08256,-4.49666,1825.186806,0.405597068,-12.490722,0.00464,,2.691965948
220,8589,3.08642,-4.49652,1812.696472,0.402821438,-12.490334,0.00386,,3.235837824
230,8599,3.09023,-4.49677,1800.205444,0.400045654,-12.491028,0.00381,,3.278485039
240,8609,3.09373,-4.49667,1787.714694,0.397269932,-12.49075,0.0035,,3.568785714
250,8619,3.09685,-4.49661,1775.224111,0.394494247,-12.490583,0.00312,,4.003391987
260,8629,3.09968,-4.49658,1762.733611,0.39171858,-12.4905,0.00283,,4.41360424
270,8639,3.10197,-4.49652,1750.243278,0.388942951,-12.490333,0.00229,,5.454293886
280,8649,3.10391,-4.49644,1737.753167,0.38616737,-12.490111,0.00194,,6.438201546
290,8659,3.10568,-4.49653,1725.262806,0.383391735,-12.490361,0.00177,,7.05670113
300,8669,3.10705,-4.49652,1712.772472,0.380616105,-12.490334,0.00137,,9.117032117
310,8679,3.10808,-4.49661,1700.281889,0.37784042,-12.490583,0.00103,,12.12677961
320,8689,3.10883,-4.49625,1687.792306,0.375064957,-12.489583,0.00075,,16.65277733
330,8699,3.10922,-4.4966,1675.30175,0.372289278,-12.490556,0.00039,,32.02706667
340,8709,3.10925,-4.49665,1662.811056,0.369513568,-12.490694,3E-05,,416.3564667
350,8719,3.10913,-4.49668,1650.320278,0.36673784,-12.490778,-0.00012,,104.0898167
360,8729,3.10867,-4.49653,1637.829917,0.363962204,-12.490361,-0.00046,27.1529587,
370,8739,3.10768,-4.49656,1625.339472,0.361186549,-12.490445,-0.00099,12.61661111,
380,8749,3.10638,-4.49658,1612.848972,0.358410883,-12.4905,-0.0013,9.608076923,
390,8759,3.10474,-4.4966,1600.358417,0.355635204,-12.490555,-0.00164,7.616192073,
400,8769,3.10286,-4.4967,1587.867583,0.352859463,-12.490834,-0.00188,6.644060638,
410,8779,3.10029,-4.49658,1575.377083,0.350083796,-12.4905,-0.00257,4.860116732,
420,8789,3.0976,-4.49635,1562.887222,0.347308272,-12.489861,-0.00269,4.643071004,
430,8799,3.09451,-4.49648,1550.397,0.344532667,-12.490222,-0.00309,4.042143042,
440,8809,3.09102,-4.49667,1537.90625,0.341756944,-12.49075,-0.00349,3.579011461,
450,8819,3.08754,-4.49675,1525.415278,0.338981173,-12.490972,-0.00348,3.58935977,
460,8829,3.08309,-4.49666,1512.924556,0.336205457,-12.490722,-0.00445,2.80690382,
470,8839,3.07824,-4.49643,1500.434472,0.333429883,-12.490084,-0.00485,2.575275052,
480,8849,3.07327,-4.49614,1487.945194,0.330654488,-12.489278,-0.00497,2.512933199,
490,8859,3.06781,-4.49625,1475.455611,0.327879025,-12.489583,-0.00546,2.287469414,
500,8869,3.06203,-4.49652,1462.965278,0.325103395,-12.490333,-0.00578,2.160957266,
510,8879,3.05586,-4.49668,1450.4745,0.322327667,-12.490778,-0.00617,2.024437277,
520,8889,3.04979,-4.49661,1437.983917,0.319551981,-12.490583,-0.00607,2.057756672,
530,8899,3.04332,-4.49661,1425.493333,0.316776296,-12.490584,-0.00647,1.930538485,
540,8909,3.03659,-4.49641,1413.003306,0.314000735,-12.490027,-0.00673,1.855873254,
550,8919,3.03018,-4.49655,1400.512889,0.311225086,-12.490417,-0.00641,1.948582995,
560,8929,3.02361,-4.4968,1388.021778,0.308449284,-12.491111,-0.00657,1.901234551,
570,8939,3.01673,-4.49656,1375.531333,0.30567363,-12.490445,-0.00688,1.815471657,
580,8949,3.0097,-4.49683,1363.040139,0.302897809,-12.491194,-0.00703,1.776841252,
590,8959,3.00273,-4.4966,1350.549583,0.30012213,-12.490556,-0.00697,1.792045337,
600,8969,2.99611,-4.49666,1338.058861,0.297346414,-12.490722,-0.00662,1.886816012,
610,8979,2.98917,-4.49673,1325.567944,0.294570654,-12.490917,-0.00694,1.799843948,
620,8989,2.98252,-4.49631,1313.078194,0.291795154,-12.48975,-0.00665,1.878157895,
630,8999,2.97621,-4.49666,1300.587472,0.289019438,-12.490722,-0.00631,1.979512203,
640,9009,2.96999,-4.49673,1288.096556,0.286243679,-12.490916,-0.00622,2.008185852,
650,9019,2.96425,-4.49654,1275.606167,0.283468037,-12.490389,-0.00574,2.176025958,
660,9029,2.9586,-4.49648,1263.115944,0.280692432,-12.490223,-0.00565,2.210658938,
670,9039,2.95294,-4.49646,1250.625778,0.27791684,-12.490166,-0.00566,2.20674311,
680,9049,2.94734,-4.49649,1238.135528,0.275141228,-12.49025,-0.0056,2.230401786,
690,9059,2.94188,-4.49666,1225.644806,0.272365512,-12.490722,-0.00546,2.287678022,
700,9069,2.93665,-4.49665,1213.154111,0.269589802,-12.490695,-0.00523,2.388278203,
710,9079,2.93167,-4.49644,1200.664,0.266814222,-12.490111,-0.00498,2.508054418,
720,9089,2.92686,-4.49663,1188.173361,0.264038525,-12.490639,-0.00481,2.596806445,
730,9099,2.92229,-4.49659,1175.682833,0.261262852,-12.490528,-0.00457,2.733157112,
740,9109,2.9177,-4.49668,1163.192056,0.258487123,-12.490777,-0.00459,2.721302179,
750,9119,2.91355,-4.49656,1150.701611,0.255711469,-12.490445,-0.00415,3.009745783,
760,9129,2.90949,-4.49647,1138.211417,0.25293587,-12.490194,-0.00406,3.076402463,
770,9139,2.9059,-4.49662,1125.720806,0.250160179,-12.490611,-0.00359,3.47927883,
780,9149,2.90237,-4.4966,1113.23025,0.2473845,-12.490556,-0.00353,3.538401133,
790,9159,2.89862,-4.49644,1100.740139,0.24460892,-12.490111,-0.00375,3.330696267,
800,9169,2.89523,-4.49657,1088.249667,0.241833259,-12.490472,-0.00339,3.684505015,
810,9179,2.89206,-4.49682,1075.7585,0.239057444,-12.491167,-0.00317,3.94043123,
820,9189,2.88902,-4.49662,1063.267889,0.236281753,-12.490611,-0.00304,4.108753618,
830,9199,2.88619,-4.49643,1050.777806,0.233506179,-12.490083,-0.00283,4.41345689,
840,9209,2.88337,-4.49638,1038.287861,0.230730636,-12.489945,-0.00282,4.429058511,
850,9219,2.88084,-4.49642,1025.797806,0.227955068,-12.490055,-0.00253,4.936780632,
860,9229,2.8783,-4.49662,1013.307194,0.225179377,-12.490612,-0.00254,4.91756378,
870,9239,2.87612,-4.49653,1000.816833,0.222403741,-12.490361,-0.00218,5.729523394,
880,9249,2.87416,-4.49649,988.3265833,0.21962813,-12.4902497,-0.00196,6.372576378,
890,9259,2.87207,-4.49652,975.83625,0.2168525,-12.4903333,-0.00209,5.976236029,
900,9269,2.86999,-4.49661,963.3456667,0.214076815,-12.4905833,-0.00208,6.005088125,
910,9279,2.86808,-4.49648,950.8554444,0.21130121,-12.4902223,-0.00191,6.539383403,
920,9289,2.86616,-4.49642,938.3653889,0.208525642,-12.4900555,-0.00192,6.50523724,
930,9299,2.86432,-4.49648,925.8751667,0.205750037,-12.4902222,-0.00184,6.788164239,
940,9309,2.86245,-4.49664,913.3845,0.202974333,-12.4906667,-0.00187,6.679500909,
950,9319,2.86058,-4.49642,900.8944444,0.200198765,-12.4900556,-0.00187,6.679174118,
960,9329,2.85875,-4.49649,888.4041944,0.197423154,-12.49025,-0.00183,6.825273224,
970,9339,2.8569,-4.49673,875.9132778,0.194647395,-12.4909166,-0.00185,6.751846811,
980,9349,2.85515,-4.49652,863.4229444,0.191871765,-12.4903334,-0.00175,7.137333371,
990,9359,2.85328,-4.49659,850.9324167,0.189096093,-12.4905277,-0.00187,6.679426578,
1000,9369,2.85133,-4.49664,838.44175,0.186320389,-12.4906667,-0.00195,6.405470103,
1010,9379,2.84934,-4.49647,825.9515556,0.18354479,-12.4901944,-0.00199,6.276479598,
1020,9389,2.84729,-4.4965,813.4612778,0.180769173,-12.4902778,-0.00205,6.092818439,
1030,9399,2.84506,-4.49657,800.9708056,0.177993512,-12.4904722,-0.00223,5.60110861,
1040,9409,2.84291,-4.49651,788.4805,0.175217889,-12.4903056,-0.00215,5.809444465,
1050,9419,2.84067,-4.49651,775.9901944,0.172442265,-12.4903056,-0.00224,5.576029286,
1060,9429,2.83821,-4.49665,763.4995,0.169666556,-12.4906944,-0.00246,5.077518049,
1070,9439,2.8356,-4.49665,751.0088056,0.166890846,-12.4906944,-0.00261,4.785706667,
1080,9449,2.83326,-4.49664,738.5181389,0.164115142,-12.4906667,-0.00234,5.337891752,
1090,9459,2.83076,-4.49662,726.0275278,0.161339451,-12.4906111,-0.0025,4.99624444,
1100,9469,2.82812,-4.49656,713.5370833,0.158563796,-12.4904445,-0.00264,4.731228977,
1110,9479,2.82536,-4.49643,701.047,0.155788222,-12.4900833,-0.00276,4.5253925,
1120,9489,2.82261,-4.49648,688.5567778,0.153012617,-12.4902222,-0.00275,4.541898982,
1130,9499,2.81954,-4.49655,676.0663611,0.150236969,-12.4904167,-0.00307,4.068539642,
1140,9509,2.81647,-4.49672,663.5754722,0.147461216,-12.4908889,-0.00307,4.068693453,
1150,9519,2.81333,-4.49653,651.0851111,0.14468558,-12.4903611,-0.00314,3.977822006,
1160,9529,2.81009,-4.49655,638.5946944,0.141909932,-12.4904167,-0.00324,3.855066883,
1170,9539,2.80675,-4.49657,626.1042222,0.139134272,-12.4904722,-0.00334,3.739662335,
1180,9550,2.80326,-4.49671,613.6133611,0.136358525,-12.4908611,-0.00349,3.579043295,
1190,9559,2.79982,-4.49674,601.1224167,0.133582759,-12.4909444,-0.00344,3.631088488,
1200,9570,2.79634,-4.49683,588.6312222,0.130806938,-12.4911945,-0.00348,3.589423707,
1210,9579,2.79269,-4.49653,576.1408611,0.128031302,-12.4903611,-0.00365,3.42201674,
1220,9589,2.78875,-4.49645,563.6507222,0.125255716,-12.4901389,-0.00394,3.170086015,
1230,9599,2.78485,-4.49669,551.1599167,0.122479981,-12.4908055,-0.0039,3.202770641,
1240,9609,2.781,-4.49668,538.6691389,0.119704253,-12.4907778,-0.00385,3.24435787,
1250,9619,2.77696,-4.49664,526.1784722,0.116928549,-12.4906667,-0.00404,3.091749183,
1260,9629,2.77277,-4.49646,513.6883056,0.114152957,-12.4901666,-0.00419,2.980946683,
1270,9640,2.7685,-4.49646,501.1981389,0.111377364,-12.4901667,-0.00427,2.925097588,
1280,9650,2.76422,-4.49644,488.7080278,0.108601784,-12.4901111,-0.00428,2.918250257,
1290,9660,2.75997,-4.49652,476.2176944,0.105826154,-12.4903334,-0.00425,2.938901976,
1300,9670,2.75576,-4.49656,463.72725,0.1030505,-12.4904444,-0.00421,2.966851401,
1310,9680,2.75176,-4.49644,451.2371389,0.10027492,-12.4901111,-0.004,3.122527775,
1320,9690,2.74672,-4.49664,438.7464722,0.097499216,-12.4906667,-0.00504,2.478306885,
1330,9700,2.74195,-4.49647,426.2562778,0.094723617,-12.4901944,-0.00477,2.618489392,
1340,9710,2.73718,-4.49658,413.7657778,0.091947951,-12.4905,-0.00477,2.618553459,
1350,9720,2.73204,-4.49655,401.2753611,0.089172302,-12.4904167,-0.00514,2.43004216,
1360,9730,2.72687,-4.49651,388.7850556,0.086396679,-12.4903055,-0.00517,2.415919826,
1370,9740,2.72157,-4.49658,376.2945556,0.083621012,-12.4905,-0.0053,2.356698113,
1380,9750,2.71622,-4.49658,363.8040556,0.080845346,-12.4905,-0.00535,2.334672897,
1390,9760,2.71078,-4.49635,351.3141944,0.078069821,-12.4898612,-0.00544,2.295930368,
1400,9770,2.70519,-4.49633,338.8243889,0.075294309,-12.4898055,-0.00559,2.234312254,
1410,9780,2.69938,-4.49648,326.3341667,0.072518704,-12.4902222,-0.00581,2.149780069,
1420,9790,2.69343,-4.49648,313.8439444,0.069743099,-12.4902223,-0.00595,2.099197025,
1430,9800,2.68767,-4.49662,301.3533333,0.066967407,-12.4906111,-0.00576,2.168508872,
1440,9810,2.68181,-4.49675,288.8623611,0.064191636,-12.4909722,-0.00586,2.131565222,
1450,9820,2.6754,-4.49641,276.3723333,0.061416074,-12.4900278,-0.00641,1.948522278,
1460,9830,2.66891,-4.49656,263.8818889,0.05864042,-12.4904444,-0.00649,1.924567704,
1470,9840,2.66225,-4.49654,251.3915,0.055864778,-12.4903889,-0.00666,1.875433769,
1480,9850,2.65545,-4.49642,238.9014444,0.05308921,-12.4900556,-0.0068,1.836772882,
1490,9860,2.64848,-4.49646,226.4112778,0.050313617,-12.4901666,-0.00697,1.791989469,
1500,9870,2.64129,-4.49639,213.9213056,0.047538068,-12.4899722,-0.00719,1.737131043,
1510,9880,2.634,-4.49657,201.4308333,0.044762407,-12.4904723,-0.00729,1.713370686,
1520,9890,2.62607,-4.49665,188.9401389,0.041986698,-12.4906944,-0.00793,1.575119092,
1530,9900,2.61861,-4.49661,176.4495556,0.039211012,-12.4905833,-0.00746,1.674340925,
1540,9910,2.61168,-4.49641,163.9595278,0.036435451,-12.4900278,-0.00693,1.802312814,
1550,9920,2.60414,-4.49631,151.4697778,0.033659951,-12.48975,-0.00754,1.656465517,
1560,9930,2.59638,-4.49649,138.9795278,0.03088434,-12.49025,-0.00776,1.609568299,
1570,9940,2.58789,-4.49654,126.4891389,0.028108698,-12.4903889,-0.00849,1.471188327,
1580,9950,2.57946,-4.49644,113.9990278,0.025333117,-12.4901111,-0.00843,1.481626465,
1590,9960,2.57099,-4.49637,101.5091111,0.02255758,-12.4899167,-0.00847,1.474606458,
1600,9970,2.56211,-4.49654,89.01872222,0.019781938,-12.49038888,-0.00888,1.406575324,
1610,9980,2.5533,-4.4962,76.52927778,0.017006506,-12.48944444,-0.00881,1.417644091,
1620,9990,2.54404,-4.49671,64.03841667,0.014230759,-12.49086111,-0.00926,1.348905087,
1630,10000,2.53465,-4.49643,51.54833333,0.011455185,-12.49008334,-0.00939,1.330147321,
1640,10010,2.52493,-4.49629,39.05863889,0.008679698,-12.48969444,-0.00972,1.284947988,
1650,10020,2.51562,-4.4966,26.56808333,0.005904019,-12.49055556,-0.00931,1.34162788,
1660,10030,2.50598,-4.49647,14.07788889,0.00312842,-12.49019444,-0.00964,1.295663324,
1670,10031,2.4999,-4.49618,1.5885,0.000353,-12.48938889,-0.00608,2.054175804,
