time,actual time,voltage,current,capacity,SoC,dQ,dv,ICA
0,12554,4.03497,-0.00105214,3055,0.611,,,
10,12564,3.31024,-4.99822,3055,0.611,,,
20,12574,3.27176,-4.99829,3041.115861,0.608223172,-13.884139,-0.03848,0.360814423
30,12584,3.2468,-4.99835,3027.231556,0.605446311,-13.884305,-0.02496,0.55626222
40,12594,3.22971,-4.9983,3013.347389,0.602669478,-13.884167,-0.01709,0.812414687
50,12604,3.2169,-4.99842,2999.462889,0.599892578,-13.8845,-0.01281,1.083879781
60,12614,3.20726,-4.99823,2985.578917,0.597115783,-13.883972,-0.00964,1.440246058
70,12624,3.19976,-4.99811,2971.695278,0.594339056,-13.883639,-0.0075,1.851151867
80,12634,3.19377,-4.99808,2957.811722,0.591562344,-13.883556,-0.00599,2.317788982
90,12644,3.1899,-4.99831,2943.927528,0.588785506,-13.884194,-0.00387,3.587647028
100,12654,3.18694,-4.99814,2930.043806,0.586008761,-13.883722,-0.00296,4.690446622
110,12664,3.18424,-4.99794,2916.160639,0.583232128,-13.883167,-0.0027,5.141913704
120,12674,3.18227,-4.99822,2902.276694,0.580455339,-13.883945,-0.00197,7.047687817
130,12684,3.18095,-4.9983,2888.392528,0.577678506,-13.884166,-0.00132,10.51830758
140,12694,3.17995,-4.99803,2874.509111,0.574901822,-13.883417,-0.001,13.883417
150,12704,3.17979,-4.99834,2860.624833,0.572124967,-13.884278,-0.00016,
160,12714,3.17977,-4.99844,2846.740278,0.569348056,-13.884555,-2E-05,
170,12724,3.17984,-4.99832,2832.856056,0.566571211,-13.884222,7E-05,
180,12734,3.18002,-4.99834,2818.971778,0.563794356,-13.884278,0.00018,
190,12744,3.18038,-4.99828,2805.087667,0.561017533,-13.884111,0.00036,
200,12754,3.1804,-4.99836,2791.203333,0.558240667,-13.884334,2E-05,
210,12764,3.18075,-4.99831,2777.319139,0.555463828,-13.884194,0.00035,
220,12774,3.18105,-4.99834,2763.434861,0.552686972,-13.884278,0.0003,
230,12784,3.18105,-4.99822,2749.550917,0.549910183,-13.883944,0,
240,12794,3.18113,-4.99842,2735.666417,0.547133283,-13.8845,8E-05,
250,12804,3.18074,-4.9982,2721.782528,0.544356506,-13.883889,-0.00039,35.59971538
260,12814,3.18177,-4.99827,2707.898444,0.541579689,-13.884084,0.00103,
270,12824,3.18188,-4.99851,2694.013694,0.538802739,-13.88475,0.00011,
280,12834,3.18193,-4.99843,2680.129167,0.536025833,-13.884527,5E-05,
290,12844,3.1817,-4.99846,2666.244556,0.533248911,-13.884611,-0.00023,
300,12854,3.18134,-4.99835,2652.36025,0.53047205,-13.884306,-0.00036,38.56751667
310,12864,3.18104,-4.99817,2638.476444,0.527695289,-13.883806,-0.0003,46.27935333
320,12874,3.1807,-4.99841,2624.591972,0.524918394,-13.884472,-0.00034,40.83668235
330,12884,3.1804,-4.99828,2610.707861,0.522141572,-13.884111,-0.0003,46.28037
340,12894,3.1801,-4.99819,2596.824,0.5193648,-13.883861,-0.0003,46.27953667
350,12904,3.17955,-4.99813,2582.940306,0.516588061,-13.883694,-0.00055,25.24308
360,12914,3.17939,-4.99829,2569.056167,0.513811233,-13.884139,-0.00016,
370,12924,3.17807,-4.99826,2555.172111,0.511034422,-13.884056,-0.00132,10.51822424
380,12934,3.17688,-4.99817,2541.288306,0.508257661,-13.883805,-0.00119,11.66706303
390,12944,3.17552,-4.99817,2527.4045,0.5054809,-13.883806,-0.00136,10.20868088
400,12954,3.17405,-4.99837,2513.520139,0.502704028,-13.884361,-0.00147,9.445143537
410,12964,3.173,-4.99827,2499.636056,0.499927211,-13.884083,-0.00105,13.22293619
420,12974,3.1722,-4.99828,2485.751944,0.497150389,-13.884112,-0.0008,17.35514
430,12984,3.17119,-4.9982,2471.868056,0.494373611,-13.883888,-0.00101,13.74642376
440,12994,3.17003,-4.99798,2457.984778,0.491596956,-13.883278,-0.00116,11.9683431
450,13004,3.16864,-4.99839,2444.100361,0.488820072,-13.884417,-0.00139,9.988789209
460,13014,3.16766,-4.99824,2430.216361,0.486043272,-13.884,-0.00098,14.16734694
470,13024,3.16647,-4.99827,2416.332278,0.483266456,-13.884083,-0.00119,11.66729664
480,13034,3.16521,-4.99841,2402.447806,0.480489561,-13.884472,-0.00126,11.01942222
490,13044,3.16407,-4.99828,2388.563694,0.477712739,-13.884112,-0.00114,12.17904561
500,13054,3.16275,-4.99826,2374.679639,0.474935928,-13.884055,-0.00132,10.51822348
510,13064,3.16146,-4.99822,2360.795694,0.472159139,-13.883945,-0.00129,10.76274806
520,13074,3.16018,-4.99845,2346.911111,0.469382222,-13.884583,-0.00128,10.84733047
530,13084,3.15864,-4.99826,2333.027056,0.466605411,-13.884055,-0.00154,9.01562013
540,13094,3.1572,-4.9982,2319.143167,0.463828633,-13.883889,-0.00144,9.641589583
550,13104,3.15583,-4.99827,2305.259083,0.461051817,-13.884084,-0.00137,10.13436788
560,13114,3.15447,-4.99821,2291.375167,0.458275033,-13.883916,-0.00136,10.20876176
570,13124,3.15289,-4.99816,2277.491389,0.455498278,-13.883778,-0.00158,8.787201266
580,13134,3.15145,-4.99826,2263.607333,0.452721467,-13.884056,-0.00144,9.641705556
590,13144,3.14985,-4.99831,2249.723139,0.449944628,-13.884194,-0.0016,8.67762125
600,13154,3.14824,-4.9981,2235.839528,0.447167906,-13.883611,-0.00161,8.62336087
610,13164,3.14662,-4.99818,2221.955694,0.444391139,-13.883834,-0.00162,8.570267901
620,13174,3.14489,-4.99836,2208.071361,0.441614272,-13.884333,-0.00173,8.025626012
630,13184,3.14332,-4.99827,2194.187278,0.438837456,-13.884083,-0.00157,8.843364968
640,13194,3.14152,-4.99836,2180.302944,0.436060589,-13.884334,-0.0018,7.713518889
650,13204,3.13986,-4.99859,2166.417972,0.433283594,-13.884972,-0.00166,8.364440964
660,13214,3.13791,-4.99831,2152.533778,0.430506756,-13.884194,-0.00195,7.120099487
670,13224,3.13617,-4.99826,2138.649722,0.427729944,-13.884056,-0.00174,7.979342529
680,13234,3.13414,-4.99802,2124.766333,0.424953267,-13.883389,-0.00203,6.839107882
690,13244,3.13211,-4.99847,2110.881694,0.422176339,-13.884639,-0.00203,6.839723645
700,13254,3.13009,-4.9982,2096.997806,0.419399561,-13.883888,-0.00202,6.873211881
710,13264,3.12795,-4.99816,2083.114028,0.416622806,-13.883778,-0.00214,6.487746729
720,13274,3.12595,-4.99829,2069.229889,0.413845978,-13.884139,-0.002,6.9420695
730,13284,3.12385,-4.99845,2055.345306,0.411069061,-13.884583,-0.0021,6.61170619
740,13294,3.12171,-4.99849,2041.460611,0.408292122,-13.884695,-0.00214,6.488175234
750,13304,3.11954,-4.99834,2027.576333,0.405515267,-13.884278,-0.00217,6.398284793
760,13314,3.1173,-4.99806,2013.692833,0.402738567,-13.8835,-0.00224,6.197991071
770,13324,3.1149,-4.9984,1999.808389,0.399961678,-13.884444,-0.0024,5.785185
780,13334,3.11259,-4.99821,1985.924472,0.397184894,-13.883917,-0.00231,6.01035368
790,13344,3.11026,-4.99807,1972.040944,0.394408189,-13.883528,-0.00233,5.958595708
800,13354,3.10768,-4.9983,1958.156778,0.391631356,-13.884166,-0.00258,5.38145969
810,13364,3.10519,-4.99821,1944.272861,0.388854572,-13.883917,-0.00249,5.575870281
820,13374,3.10258,-4.99826,1930.388806,0.386077761,-13.884055,-0.00261,5.319561303
830,13384,3.09994,-4.99801,1916.505444,0.383301089,-13.883362,-0.00264,5.258849242
840,13394,3.09723,-4.9981,1902.621833,0.380524367,-13.883611,-0.00271,5.12310369
850,13404,3.09447,-4.99824,1888.737833,0.377747567,-13.884,-0.00276,5.030434783
860,13414,3.09183,-4.99829,1874.853694,0.374970739,-13.884139,-0.00264,5.259143561
870,13424,3.08914,-4.99821,1860.969778,0.372193956,-13.883916,-0.00269,5.161307063
880,13434,3.08628,-4.99832,1847.085556,0.369417111,-13.884222,-0.00286,4.854623077
890,13444,3.08336,-4.99839,1833.201139,0.366640228,-13.884417,-0.00292,4.754937329
900,13454,3.08038,-4.99822,1819.317194,0.363863439,-13.883945,-0.00298,4.659041946
910,13464,3.07734,-4.99818,1805.433361,0.361086672,-13.883833,-0.00304,4.567050329
920,13474,3.07421,-4.99805,1791.549889,0.358309978,-13.883472,-0.00313,4.435614058
930,13484,3.07105,-4.99815,1777.666139,0.355533228,-13.88375,-0.00316,4.393591772
940,13494,3.06791,-4.99836,1763.781806,0.352756361,-13.884333,-0.00314,4.421762102
950,13504,3.06479,-4.99838,1749.897417,0.349979483,-13.884389,-0.00312,4.450124679
960,13514,3.0615,-4.99846,1736.012806,0.347202561,-13.884611,-0.00329,4.220246505
970,13524,3.05809,-4.9983,1722.128639,0.344425728,-13.884167,-0.00341,4.071603226
980,13534,3.05514,-4.99828,1708.244528,0.341648906,-13.884111,-0.00295,4.706478305
990,13544,3.052,-4.99829,1694.360389,0.338872078,-13.884139,-0.00314,4.421700318
1000,13554,3.04879,-4.99813,1680.476694,0.336095339,-13.883695,-0.00321,4.325138629
1010,13564,3.04544,-4.99814,1666.592972,0.333318594,-13.883722,-0.00335,4.144394627
1020,13574,3.04221,-4.99823,1652.709,0.3305418,-13.883972,-0.00323,4.298443344
1030,13584,3.03887,-4.99827,1638.824917,0.327764983,-13.884083,-0.00334,4.156911078
1040,13594,3.03565,-4.99847,1624.940278,0.324988056,-13.884639,-0.00322,4.311999689
1050,13604,3.03242,-4.99824,1611.056278,0.322211256,-13.884,-0.00323,4.298452012
1060,13614,3.02921,-4.99843,1597.17175,0.31943435,-13.884528,-0.00321,4.325398131
1070,13624,3.02613,-4.99828,1583.287639,0.316657528,-13.884111,-0.00308,4.507828247
1080,13634,3.02295,-4.99829,1569.4035,0.3138807,-13.884139,-0.00318,4.366081447
1090,13644,3.01992,-4.9984,1555.519056,0.311103811,-13.884444,-0.00303,4.582324752
1100,13654,3.01692,-4.99842,1541.634556,0.308326911,-13.8845,-0.003,4.628166667
1110,13664,3.01381,-4.99846,1527.749944,0.305549989,-13.884612,-0.00311,4.464505466
1120,13674,3.01084,-4.99813,1513.86625,0.30277325,-13.883694,-0.00297,4.674644444
1130,13684,3.00755,-4.99818,1499.982417,0.299996483,-13.883833,-0.00329,4.22001003
1140,13694,3.00444,-4.99822,1486.098472,0.297219694,-13.883945,-0.00311,4.464290997
1150,13704,3.00143,-4.99818,1472.214639,0.294442928,-13.883833,-0.00301,4.612569103
1160,13714,2.99846,-4.99813,1458.330944,0.291666189,-13.883695,-0.00297,4.674644781
1170,13724,2.9952,-4.99815,1444.447194,0.288889439,-13.88375,-0.00326,4.258819018
1180,13734,2.99225,-4.99825,1430.563167,0.286112633,-13.884027,-0.00295,4.706449831
1190,13744,2.9892,-4.99812,1416.6795,0.2833359,-13.883667,-0.00305,4.552021967
1200,13754,2.98642,-4.99814,1402.795778,0.280559156,-13.883722,-0.00278,4.994144604
1210,13764,2.98348,-4.99801,1388.912417,0.277782483,-13.883361,-0.00294,4.722231633
1220,13774,2.98057,-4.99841,1375.027944,0.275005589,-13.884473,-0.00291,4.771296564
1230,13784,2.97759,-4.99835,1361.143639,0.272228728,-13.884305,-0.00298,4.659162752
1240,13794,2.97453,-4.99813,1347.259944,0.269451989,-13.883695,-0.00306,4.537155229
1250,13804,2.97176,-4.99831,1333.37575,0.26667515,-13.884194,-0.00277,5.012344404
1260,13814,2.96884,-4.99823,1319.491778,0.263898356,-13.883972,-0.00292,4.754784932
1270,13824,2.96584,-4.99818,1305.607944,0.261121589,-13.883834,-0.003,4.627944667
1280,13834,2.9629,-4.99821,1291.724028,0.258344806,-13.883916,-0.00294,4.722420408
1290,13844,2.95982,-4.9983,1277.839861,0.255567972,-13.884167,-0.00308,4.507846429
1300,13854,2.95694,-4.99814,1263.956139,0.252791228,-13.883722,-0.00288,4.820736806
1310,13864,2.95415,-4.99821,1250.072222,0.250014444,-13.883917,-0.00279,4.976314337
1320,13874,2.95124,-4.99828,1236.188111,0.247237622,-13.884111,-0.00291,4.771172165
1330,13884,2.94814,-4.99818,1222.304278,0.244460856,-13.883833,-0.0031,4.478655806
1340,13894,2.94503,-4.99821,1208.420361,0.241684072,-13.883917,-0.00311,4.464281994
1350,13904,2.94187,-4.99809,1194.536778,0.238907356,-13.883583,-0.00316,4.393538924
1360,13914,2.9386,-4.99832,1180.652556,0.236130511,-13.884222,-0.00327,4.24593945
1370,13924,2.93534,-4.99806,1166.769056,0.233353811,-13.8835,-0.00326,4.258742331
1380,13934,2.93206,-4.99838,1152.884667,0.230576933,-13.884389,-0.00328,4.233045427
1390,13944,2.9287,-4.99823,1139.000694,0.227800139,-13.883973,-0.00336,4.132134821
1400,13954,2.92543,-4.99839,1125.116278,0.225023256,-13.884416,-0.00327,4.245998777
1410,13964,2.92184,-4.99812,1111.232611,0.222246522,-13.883667,-0.00359,3.867316713
1420,13974,2.91847,-4.99799,1097.349306,0.219469861,-13.883305,-0.00337,4.119675074
1430,13984,2.91508,-4.9983,1083.465139,0.216693028,-13.884167,-0.00339,4.095624484
1440,13994,2.91152,-4.99817,1069.581333,0.213916267,-13.883806,-0.00356,3.899945506
1450,14004,2.90785,-4.99814,1055.697611,0.211139522,-13.883722,-0.00367,3.783030518
1460,14014,2.90408,-4.99824,1041.813611,0.208362722,-13.884,-0.00377,3.682758621
1470,14024,2.90022,-4.99815,1027.929861,0.205585972,-13.88375,-0.00386,3.596826425
1480,14034,2.89574,-4.99808,1014.046306,0.202809261,-13.883555,-0.00448,3.099007813
1490,14044,2.89237,-4.99819,1000.162444,0.200032489,-13.883862,-0.00337,4.119840356
1500,14054,2.88864,-4.99825,986.2784167,0.197255683,-13.8840273,-0.00373,3.72225933
1510,14064,2.88452,-4.99821,972.3945,0.1944789,-13.8839167,-0.00412,3.369882694
1520,14074,2.8807,-4.99805,958.5110278,0.191702206,-13.8834722,-0.00382,3.634416806
1530,14084,2.87697,-4.99817,944.6272222,0.188925444,-13.8838056,-0.00373,3.722199893
1540,14094,2.87286,-4.99831,930.7430278,0.186148606,-13.8841944,-0.00411,3.378149489
1550,14104,2.86875,-4.99819,916.8591667,0.183371833,-13.8838611,-0.00411,3.378068394
1560,14114,2.86467,-4.99806,902.9756667,0.180595133,-13.8835,-0.00408,3.402818627
1570,14124,2.8605,-4.99795,889.0924722,0.177818494,-13.8831945,-0.00417,3.329303237
1580,14134,2.85637,-4.99809,875.2088889,0.175041778,-13.8835833,-0.00413,3.361642446
1590,14144,2.85215,-4.99806,861.3253889,0.172265078,-13.8835,-0.00422,3.28992891
1600,14154,2.84789,-4.9983,847.4412222,0.169488244,-13.8841667,-0.00426,3.259194061
1610,14164,2.84371,-4.99823,833.55725,0.16671145,-13.8839722,-0.00418,3.32152445
1620,14174,2.83951,-4.99839,819.6728333,0.163934567,-13.8844167,-0.0042,3.3058135
1630,14184,2.83531,-4.99816,805.7890556,0.161157811,-13.8837777,-0.0042,3.305661357
1640,14194,2.83133,-4.99827,791.9049722,0.158380994,-13.8840834,-0.00398,3.488463166
1650,14204,2.82733,-4.99824,778.0209722,0.155604194,-13.884,-0.004,3.471
1660,14214,2.8233,-4.99802,764.1375833,0.152827517,-13.8833889,-0.00403,3.445009653
1670,14224,2.81874,-4.99822,750.2536389,0.150050728,-13.8839444,-0.00456,3.044724649
1680,14234,2.81444,-4.99819,736.3697778,0.147273956,-13.8838611,-0.0043,3.228804907
1690,14244,2.8101,-4.99803,722.4863611,0.144497272,-13.8834167,-0.00434,3.19894394
1700,14254,2.80574,-4.99822,708.6024167,0.141720483,-13.8839444,-0.00436,3.184390917
1710,14264,2.80132,-4.99809,694.7188333,0.138943767,-13.8835834,-0.00442,3.141082217
1720,14274,2.79694,-4.99818,680.835,0.136167,-13.8838333,-0.00438,3.169824954
1730,14284,2.79261,-4.99812,666.9513333,0.133390267,-13.8836667,-0.00433,3.206389538
1740,14294,2.78849,-4.99795,653.0681389,0.130613628,-13.8831944,-0.00412,3.369707379
1750,14304,2.78423,-4.9983,639.1839722,0.127836794,-13.8841667,-0.00426,3.259194061
1760,14314,2.77992,-4.99802,625.3005833,0.125060117,-13.8833889,-0.00431,3.221203921
1770,14324,2.77544,-4.9984,611.4161389,0.122283228,-13.8844444,-0.00448,3.099206339
1780,14334,2.77106,-4.99813,597.5324444,0.119506489,-13.8836945,-0.00438,3.169793265
1790,14344,2.76666,-4.99811,583.6488056,0.116729761,-13.8836388,-0.0044,3.155372455
1800,14354,2.76222,-4.99812,569.7651389,0.113953028,-13.8836667,-0.00444,3.126951959
1810,14364,2.75772,-4.99824,555.8811389,0.111176228,-13.884,-0.0045,3.085333333
1820,14374,2.75323,-4.99811,541.9975,0.1083995,-13.8836389,-0.00449,3.092124477
1830,14384,2.74872,-4.9982,528.1136111,0.105622722,-13.8838889,-0.00451,3.078467605
1840,14394,2.74408,-4.99807,514.2300833,0.102846017,-13.8835278,-0.00464,2.992139612
1850,14404,2.73974,-4.99806,500.3465833,0.100069317,-13.8835,-0.00434,3.198963134
1860,14414,2.73524,-4.99828,486.4624722,0.097292494,-13.8841111,-0.0045,3.085358022
1870,14424,2.73045,-4.99823,472.5785,0.0945157,-13.8839722,-0.00479,2.898532818
1880,14434,2.72551,-4.99825,458.6944722,0.091738894,-13.8840278,-0.00494,2.810531943
1890,14444,2.72051,-4.99832,444.81025,0.08896205,-13.8842222,-0.005,2.77684444
1900,14454,2.71536,-4.99823,430.9262778,0.086185256,-13.8839722,-0.00515,2.695916932
1910,14464,2.71034,-4.99824,417.0422778,0.083408456,-13.884,-0.00502,2.765737052
1920,14474,2.7049,-4.99814,403.1585556,0.080631711,-13.8837222,-0.00544,2.552154816
1930,14484,2.69944,-4.99823,389.2745833,0.077854917,-13.8839723,-0.00546,2.54285207
1940,14494,2.69403,-4.99824,375.3905833,0.075078117,-13.884,-0.00541,2.566358595
1950,14504,2.68831,-4.9983,361.5064167,0.072301283,-13.8841666,-0.00572,2.427301853
1960,14514,2.68292,-4.99824,347.6224167,0.069524483,-13.884,-0.00539,2.575881262
1970,14524,2.67734,-4.99833,333.7381667,0.066747633,-13.88425,-0.00558,2.488216846
1980,14534,2.67134,-4.99827,319.8540833,0.063970817,-13.8840834,-0.006,2.3140139
1990,14544,2.66508,-4.9983,305.9699167,0.061193983,-13.8841666,-0.00626,2.217917987
2000,14554,2.65889,-4.99818,292.0860833,0.058417217,-13.8838334,-0.00619,2.242945622
2010,14564,2.65247,-4.99795,278.2028889,0.055640578,-13.8831944,-0.00642,2.16249134
2020,14574,2.64569,-4.99813,264.3191944,0.052863839,-13.8836945,-0.00678,2.047742552
2030,14584,2.63888,-4.99827,250.4351111,0.050087022,-13.8840833,-0.00681,2.038778752
2040,14594,2.63198,-4.99833,236.5508611,0.047310172,-13.88425,-0.0069,2.012210145
2050,14604,2.62484,-4.9983,222.6666944,0.044533339,-13.8841667,-0.00714,1.944561162
2060,14614,2.61757,-4.99803,208.7832778,0.041756656,-13.8834166,-0.00727,1.909685915
2070,14624,2.61086,-4.99827,194.8991944,0.038979839,-13.8840834,-0.00671,2.069162951
2080,14634,2.60379,-4.99832,181.0149722,0.036202994,-13.8842222,-0.00707,1.963822093
2090,14644,2.59645,-4.99812,167.1313056,0.033426261,-13.8836666,-0.00734,1.891507711
2100,14654,2.58912,-4.99814,153.2475833,0.030649517,-13.8837223,-0.00733,1.894095812
2110,14664,2.58131,-4.99794,139.3644167,0.027872883,-13.8831666,-0.00781,1.777614161
2120,14674,2.57354,-4.99797,125.4811667,0.025096233,-13.88325,-0.00777,1.786776062
2130,14684,2.56565,-4.99819,111.5973056,0.022319461,-13.8838611,-0.00789,1.759678213
2140,14694,2.5577,-4.99846,97.71269444,0.019542539,-13.88461116,-0.00795,1.74649197
2150,14704,2.54926,-4.99829,83.82855556,0.016765711,-13.88413888,-0.00844,1.645040152
2160,14714,2.54068,-4.99819,69.94469444,0.013988939,-13.88386112,-0.00858,1.618165632
2170,14724,2.53193,-4.99814,56.06097222,0.011212194,-13.88372222,-0.00875,1.586711111
2180,14734,2.52273,-4.99795,42.17777778,0.008435556,-13.88319444,-0.0092,1.509042874
2190,14744,2.51375,-4.99823,28.29380556,0.005658761,-13.88397222,-0.00898,1.546099356
2200,14754,2.49969,-4.99804,14.41036111,0.002882072,-13.88344445,-0.01406,0.987442706
