time,actual time,voltage,current,capacity,SoC,dQ,dv,ICA,
0,15333,3.9992,-0.00104282,2407,0.4814,,,,
10,15343,3.01048,-4.99839,2407,0.4814,,,,
20,15353,2.93395,-4.99815,2393.11625,0.47862325,-13.88375,-0.07653,,0.181415785
30,15363,2.89046,-4.99816,2379.232472,0.475846494,-13.883778,-0.04349,,0.319240699
40,15373,2.86066,-4.99819,2365.348611,0.473069722,-13.883861,-0.0298,,0.465901376
50,15383,2.83887,-4.99808,2351.465056,0.470293011,-13.883555,-0.02179,,0.637152593
60,15393,2.82449,-4.99809,2337.581472,0.467516294,-13.883584,-0.01438,,0.96547872
70,15403,2.81803,-4.99835,2323.697167,0.464739433,-13.884305,-0.00646,,2.14927322
80,15413,2.81968,-4.99832,2309.812944,0.461962589,-13.884223,0.00165,,8.414680606
90,15423,2.82668,-4.99801,2295.929583,0.459185917,-13.883361,0.007,,1.983337286
100,15433,2.83791,-4.99803,2282.046167,0.456409233,-13.883416,0.01123,,1.236279252
110,15443,2.85263,-4.99823,2268.162194,0.453632439,-13.883973,0.01472,,0.943204687
120,15453,2.86836,-4.99818,2254.278361,0.450855672,-13.883833,0.01573,,0.882634011
130,15463,2.8821,-4.99814,2240.394639,0.448078928,-13.883722,0.01374,,1.010460116
140,15473,2.89394,-4.998,2226.511306,0.445302261,-13.883333,0.01184,,1.172578801
150,15483,2.90431,-4.9983,2212.627139,0.442525428,-13.884167,0.01037,,1.338878206
160,15493,2.91282,-4.99833,2198.742889,0.439748578,-13.88425,0.00851,,1.631521739
170,15503,2.9203,-4.99815,2184.859139,0.436971828,-13.88375,0.00748,,1.85611631
180,15513,2.92711,-4.99815,2170.975389,0.434195078,-13.88375,0.00681,,2.038729809
190,15523,2.93307,-4.9984,2157.090944,0.431418189,-13.884445,0.00596,,2.329604866
200,15533,2.93798,-4.9984,2143.2065,0.4286413,-13.884444,0.00491,,2.827789002
210,15543,2.94224,-4.99814,2129.322778,0.425864556,-13.883722,0.00426,,3.259089671
220,15553,2.94583,-4.99805,2115.439306,0.423087861,-13.883472,0.00359,,3.867262396
230,15563,2.94848,-4.9984,2101.554861,0.420310972,-13.884445,0.00265,,5.239413208
240,15573,2.95042,-4.99826,2087.670806,0.417534161,-13.884055,0.00194,,7.156729381
250,15583,2.95205,-4.99846,2073.786194,0.414757239,-13.884612,0.00163,,8.518166871
260,15593,2.95333,-4.99821,2059.902278,0.411980456,-13.883916,0.00128,,10.84680938
270,15603,2.95385,-4.99813,2046.018583,0.409203717,-13.883695,0.00052,,26.69941346
280,15613,2.95408,-4.9982,2032.134694,0.406426939,-13.883889,0.00023,,
290,15623,2.95426,-4.99821,2018.250778,0.403650156,-13.883916,0.00018,,
300,15633,2.95413,-4.99836,2004.366444,0.400873289,-13.884334,-0.00013,,
310,15643,2.95377,-4.99836,1990.482111,0.398096422,-13.884333,-0.00036,,
320,15653,2.95334,-4.99807,1976.598583,0.395319717,-13.883528,-0.00043,32.28727442,
330,15663,2.95299,-4.99832,1962.714361,0.392542872,-13.884222,-0.00035,,
340,15673,2.95264,-4.99826,1948.830306,0.389766061,-13.884055,-0.00035,,
350,15683,2.9522,-4.99811,1934.946667,0.386989333,-13.883639,-0.00044,31.553725,
360,15693,2.9512,-4.99837,1921.062306,0.384212461,-13.884361,-0.001,13.884361,
370,15703,2.95029,-4.99815,1907.178556,0.381435711,-13.88375,-0.00091,15.25686813,
380,15713,2.9492,-4.99821,1893.294639,0.378658928,-13.883917,-0.00109,12.73753853,
390,15723,2.9482,-4.99824,1879.410639,0.375882128,-13.884,-0.001,13.884,
400,15733,2.94675,-4.99826,1865.526583,0.373105317,-13.884056,-0.00145,9.575211034,
410,15743,2.94556,-4.99797,1851.643333,0.370328667,-13.88325,-0.00119,11.66659664,
420,15753,2.94429,-4.998,1837.76,0.367552,-13.883333,-0.00127,10.93175827,
430,15763,2.94275,-4.99827,1823.875917,0.364775183,-13.884083,-0.00154,9.015638312,
440,15773,2.94136,-4.99825,1809.991889,0.361998378,-13.884028,-0.00139,9.988509353,
450,15783,2.93999,-4.99835,1796.107583,0.359221517,-13.884306,-0.00137,10.13452993,
460,15793,2.93832,-4.99812,1782.223917,0.356444783,-13.883666,-0.00167,8.313572455,
470,15803,2.93664,-4.99806,1768.340417,0.353668083,-13.8835,-0.00168,8.263988095,
480,15813,2.93476,-4.99835,1754.456111,0.350891222,-13.884306,-0.00188,7.385269149,
490,15823,2.93268,-4.99816,1740.572333,0.348114467,-13.883778,-0.00208,6.674893269,
500,15833,2.93088,-4.99811,1726.688694,0.345337739,-13.883639,-0.0018,7.713132778,
510,15843,2.92924,-4.9984,1712.80425,0.34256085,-13.884444,-0.00164,8.46612439,
520,15853,2.92705,-4.99835,1698.919944,0.339783989,-13.884306,-0.00219,6.339865753,
530,15863,2.92478,-4.9982,1685.036056,0.337007211,-13.883888,-0.00227,6.11625022,
540,15873,2.92274,-4.99812,1671.152389,0.334230478,-13.883667,-0.00204,6.805719118,
550,15883,2.92039,-4.99808,1657.268833,0.331453767,-13.883556,-0.00235,5.90789617,
560,15893,2.91835,-4.99811,1643.385194,0.328677039,-13.883639,-0.00204,6.805705392,
570,15903,2.91614,-4.99822,1629.50125,0.32590025,-13.883944,-0.00221,6.282327602,
580,15913,2.91417,-4.9984,1615.616806,0.323123361,-13.884444,-0.00197,7.047941117,
590,15923,2.91255,-4.9983,1601.732639,0.320346528,-13.884167,-0.00162,8.570473457,
600,15933,2.91095,-4.9983,1587.848472,0.317569694,-13.884167,-0.0016,8.677604375,
610,15943,2.90941,-4.99813,1573.964778,0.314792956,-13.883694,-0.00154,9.015385714,
620,15953,2.90783,-4.99829,1560.080639,0.312016128,-13.884139,-0.00158,8.787429747,
630,15963,2.90582,-4.99834,1546.196361,0.309239272,-13.884278,-0.00201,6.907600995,
640,15973,2.90387,-4.99814,1532.312639,0.306462528,-13.883722,-0.00195,7.119857436,
650,15983,2.90185,-4.9982,1518.42875,0.30368575,-13.883889,-0.00202,6.873212376,
660,15993,2.89992,-4.9982,1504.544861,0.300908972,-13.883889,-0.00193,7.19372487,
670,16003,2.89805,-4.99821,1490.660944,0.298132189,-13.883917,-0.00187,7.424554545,
680,16013,2.89634,-4.99796,1476.777722,0.295355544,-13.883222,-0.00171,8.118843275,
690,16023,2.89475,-4.9981,1462.894111,0.292578822,-13.883611,-0.00159,8.731830818,
700,16033,2.89298,-4.99806,1449.010611,0.289802122,-13.8835,-0.00177,7.843785311,
710,16043,2.89099,-4.99819,1435.12675,0.28702535,-13.883861,-0.00199,6.976814573,
720,16053,2.88879,-4.99827,1421.242667,0.284248533,-13.884083,-0.0022,6.310946818,
730,16063,2.88668,-4.99809,1407.359083,0.281471817,-13.883584,-0.00211,6.57989763,
740,16073,2.8846,-4.99824,1393.475083,0.278695017,-13.884,-0.00208,6.675,
750,16083,2.88237,-4.99808,1379.591528,0.275918306,-13.883555,-0.00223,6.225809417,
760,16093,2.87996,-4.99797,1365.708278,0.273141656,-13.88325,-0.00241,5.760684647,
770,16103,2.87768,-4.99805,1351.824806,0.270364961,-13.883472,-0.00228,6.089242105,
780,16113,2.87545,-4.99827,1337.940722,0.267588144,-13.884084,-0.00223,6.226046637,
790,16123,2.87319,-4.99815,1324.056972,0.264811394,-13.88375,-0.00226,6.143252212,
800,16133,2.87098,-4.99809,1310.173389,0.262034678,-13.883583,-0.00221,6.282164253,
810,16143,2.86885,-4.99826,1296.289333,0.259257867,-13.884056,-0.00213,6.51833615,
820,16153,2.8663,-4.99824,1282.405333,0.256481067,-13.884,-0.00255,5.444705882,
830,16163,2.8638,-4.99828,1268.521222,0.253704244,-13.884111,-0.0025,5.5536444,
840,16173,2.86119,-4.998,1254.637889,0.250927578,-13.883333,-0.00261,5.319284674,
850,16183,2.85869,-4.99809,1240.754306,0.248150861,-13.883583,-0.0025,5.5534332,
860,16193,2.8564,-4.99814,1226.870583,0.245374117,-13.883723,-0.00229,6.062761135,
870,16203,2.8537,-4.99821,1212.986667,0.242597333,-13.883916,-0.0027,5.142191111,
880,16213,2.85118,-4.99841,1199.102194,0.239820439,-13.884473,-0.00252,5.509711508,
890,16223,2.84841,-4.99813,1185.2185,0.2370437,-13.883694,-0.00277,5.012163899,
900,16233,2.84584,-4.9982,1171.334611,0.234266922,-13.883889,-0.00257,5.40229144,
910,16243,2.84335,-4.99812,1157.450944,0.231490189,-13.883667,-0.00249,5.57576988,
920,16253,2.8407,-4.99837,1143.566583,0.228713317,-13.884361,-0.00265,5.239381509,
930,16263,2.83812,-4.9983,1129.682417,0.225936483,-13.884166,-0.00258,5.38145969,
940,16273,2.83542,-4.99814,1115.798694,0.223159739,-13.883723,-0.0027,5.14211963,
950,16283,2.83267,-4.99803,1101.915278,0.220383056,-13.883416,-0.00275,5.048514909,
960,16293,2.82972,-4.99845,1088.030694,0.217606139,-13.884584,-0.00295,4.706638644,
970,16303,2.82677,-4.99822,1074.14675,0.21482935,-13.883944,-0.00295,4.706421695,
980,16313,2.82388,-4.99798,1060.263472,0.212052694,-13.883278,-0.00289,4.803902422,
990,16323,2.82091,-4.99815,1046.379722,0.209275944,-13.88375,-0.00297,4.6746633,
1000,16333,2.81798,-4.99835,1032.495417,0.206499083,-13.884305,-0.00293,4.738670648,
1010,16343,2.81499,-4.99822,1018.611472,0.203722294,-13.883945,-0.00299,4.643459866,
1020,16353,2.81204,-4.99818,1004.727639,0.200945528,-13.883833,-0.00295,4.706384068,
1030,16363,2.80918,-4.99816,990.8438611,0.198168772,-13.8837779,-0.00286,4.854467797,
1040,16373,2.80616,-4.99812,976.9601944,0.195392039,-13.8836667,-0.00302,4.597240629,
1050,16383,2.80298,-4.99811,963.0765556,0.192615311,-13.8836388,-0.00318,4.365924151,
1060,16393,2.79975,-4.99799,949.19325,0.18983865,-13.8833056,-0.00323,4.298237028,
1070,16403,2.79651,-4.99822,935.3093056,0.187061861,-13.8839444,-0.00324,4.285168025,
1080,16413,2.79331,-4.99819,921.4254444,0.184285089,-13.8838612,-0.0032,4.338706625,
1090,16423,2.79023,-4.99808,907.5418889,0.181508378,-13.8835555,-0.00308,4.50764789,
1100,16433,2.78679,-4.99826,893.6578333,0.178731567,-13.8840556,-0.00344,4.036062674,
1110,16443,2.78354,-4.99816,879.7740556,0.175954811,-13.8837777,-0.00325,4.2719316,
1120,16453,2.78013,-4.99832,865.8898333,0.173177967,-13.8842223,-0.00341,4.071619443,
1130,16463,2.77677,-4.99807,852.0063056,0.170401261,-13.8835277,-0.00336,4.132002292,
1140,16473,2.77374,-4.99805,838.1228333,0.167624567,-13.8834723,-0.00303,4.582004059,
1150,16483,2.7702,-4.99824,824.2388333,0.164847767,-13.884,-0.00354,3.922033898,
1160,16493,2.76673,-4.9983,810.3546667,0.162070933,-13.8841666,-0.00347,4.001200749,
1170,16503,2.76336,-4.99814,796.4709444,0.159294189,-13.8837223,-0.00337,4.119798902,
1180,16513,2.75981,-4.99822,782.587,0.1565174,-13.8839444,-0.00355,3.910970254,
1190,16523,2.75615,-4.99835,768.7026944,0.153740539,-13.8843056,-0.00366,3.79352612,
1200,16533,2.75256,-4.99808,754.8191389,0.150963828,-13.8835555,-0.00359,3.867285655,
1210,16543,2.74888,-4.99807,740.9356111,0.148187122,-13.8835278,-0.00368,3.772697772,
1220,16553,2.74514,-4.99811,727.0519722,0.145410394,-13.8836389,-0.00374,3.712202914,
1230,16563,2.74118,-4.99806,713.1684722,0.142633694,-13.8835,-0.00396,3.505934343,
1240,16573,2.73727,-4.9982,699.2845833,0.139856917,-13.8838889,-0.00391,3.550866726,
1250,16583,2.73372,-4.9981,685.4009722,0.137080194,-13.8836111,-0.00355,3.910876366,
1260,16593,2.72963,-4.99835,671.5166667,0.134303333,-13.8843055,-0.00409,3.394695721,
1270,16603,2.72587,-4.99823,657.6326944,0.131526539,-13.8839723,-0.00376,3.692545824,
1280,16613,2.72173,-4.9981,643.7490833,0.128749817,-13.8836111,-0.00414,3.353529251,
1290,16623,2.7178,-4.99812,629.8654167,0.125973083,-13.8836666,-0.00393,3.532739593,
1300,16633,2.71358,-4.9982,615.9815278,0.123196306,-13.8838889,-0.00422,3.290021066,
1310,16643,2.70928,-4.99819,602.0976667,0.120419533,-13.8838611,-0.0043,3.228804907,
1320,16653,2.70502,-4.99824,588.2136667,0.117642733,-13.884,-0.00426,3.25915493,
1330,16663,2.70088,-4.99817,574.3298611,0.114865972,-13.8838056,-0.00414,3.353576232,
1340,16673,2.69692,-4.99795,560.4466667,0.112089333,-13.8831944,-0.00396,3.505857172,
1350,16683,2.6928,-4.99807,546.5631389,0.109312628,-13.8835278,-0.00412,3.369788301,
1360,16693,2.68877,-4.99802,532.67975,0.10653595,-13.8833889,-0.00403,3.445009653,
1370,16703,2.68531,-4.99795,518.7965556,0.103759311,-13.8831944,-0.00346,4.012483931,
1380,16713,2.68118,-4.99797,504.9133056,0.100982661,-13.88325,-0.00413,3.361561743,
1390,16723,2.67728,-4.99812,491.0296389,0.098205928,-13.8836667,-0.0039,3.559914538,
1400,16733,2.6733,-4.99847,477.145,0.095429,-13.8846389,-0.00398,3.488602739,
1410,16743,2.66924,-4.99808,463.2614444,0.092652289,-13.8835556,-0.00406,3.419594975,
1420,16753,2.66509,-4.99805,449.3779722,0.089875594,-13.8834722,-0.00415,3.345414988,
1430,16763,2.66051,-4.99823,435.494,0.0870988,-13.8839722,-0.00458,3.031434978,
1440,16773,2.6564,-4.99809,421.6104167,0.084322083,-13.8835833,-0.00411,3.378000803,
1450,16783,2.65192,-4.99832,407.7261944,0.081545239,-13.8842223,-0.00448,3.099156763,
1460,16793,2.64754,-4.99813,393.8425,0.0787685,-13.8836944,-0.00438,3.169793242,
1470,16803,2.64309,-4.99825,379.9584722,0.075991694,-13.8840278,-0.00445,3.120006247,
1480,16813,2.63888,-4.99808,366.0749167,0.073214983,-13.8835555,-0.00421,3.297756651,
1490,16823,2.63487,-4.99808,352.1913611,0.070438272,-13.8835556,-0.00401,3.462233317,
1500,16833,2.63056,-4.99793,338.3082222,0.067661644,-13.8831389,-0.00431,3.221145916,
1510,16843,2.62602,-4.99818,324.4243889,0.064884878,-13.8838333,-0.00454,3.058113062,
1520,16853,2.62142,-4.99827,310.5403056,0.062108061,-13.8840833,-0.0046,3.018278978,
1530,16863,2.61673,-4.99801,296.6569444,0.059331389,-13.8833612,-0.00469,2.960204947,
1540,16873,2.61163,-4.99824,282.7729444,0.056554589,-13.884,-0.0051,2.722352941,
1550,16883,2.60682,-4.99812,268.8892778,0.053777856,-13.8836666,-0.00481,2.886417173,
1560,16893,2.60178,-4.99802,255.0058889,0.051001178,-13.8833889,-0.00504,2.754640655,
1570,16903,2.59689,-4.99825,241.1218611,0.048224372,-13.8840278,-0.00489,2.839269489,
1580,16913,2.59178,-4.99826,227.2378056,0.045447561,-13.8840555,-0.00511,2.717036301,
1590,16923,2.58649,-4.99801,213.3544444,0.042670889,-13.8833612,-0.00529,2.624453913,
1600,16933,2.5813,-4.99828,199.4703333,0.039894067,-13.8841111,-0.00519,2.675165915,
1610,16943,2.57615,-4.99806,185.5868333,0.037117367,-13.8835,-0.00515,2.695825243,
1620,16953,2.57092,-4.99816,171.7030556,0.034340611,-13.8837777,-0.00523,2.654642008,
1630,16963,2.5654,-4.9984,157.8186111,0.031563722,-13.8844445,-0.00552,2.515297917,
1640,16973,2.5599,-4.99801,143.93525,0.02878705,-13.8833611,-0.0055,2.524247473,
1650,16983,2.55393,-4.99814,130.0515278,0.026010306,-13.8837222,-0.00597,2.325581608,
1660,16993,2.54796,-4.99818,116.1676944,0.023233539,-13.8838334,-0.00597,2.325600235,
1670,17003,2.54181,-4.9981,102.2840833,0.020456817,-13.8836111,-0.00615,2.25749774,
1680,17013,2.53573,-4.99799,88.40077778,0.017680156,-13.88330552,-0.00608,2.283438408,
1690,17023,2.52929,-4.99816,74.517,0.0149034,-13.88377778,-0.00644,2.155866115,
1700,17033,2.52263,-4.99819,60.63313889,0.012126628,-13.88386111,-0.00666,2.08466383,
1710,17043,2.5164,-4.99817,46.74933333,0.009349867,-13.88380556,-0.00623,2.228540218,
1720,17053,2.50995,-4.99806,32.86583333,0.006573167,-13.8835,-0.00645,2.15248062,
1730,17063,2.50356,-4.99833,18.98158333,0.003796317,-13.88425,-0.00639,2.172809077,
1740,17064,2.49927,-4.99823,5.097611111,0.001019522,-13.88397222,-0.00429,3.236357161,
