time,actual time,voltage,current,capacity,SoC,dQ,dv,ICA
0,8098,4.05629,-0.0010577,1428,0.476,,,
10,8108,3.45375,-3.00249,1428,0.476,,,
20,8118,3.39063,-3.00273,1419.659083,0.473219694,-8.340917,-0.06312,0.132143805
30,8128,3.33858,-3.00272,1411.318194,0.470439398,-8.340889,-0.05205,0.160247627
40,8138,3.29407,-3.0025,1402.977917,0.467659306,-8.340277,-0.04451,0.187379847
50,8148,3.25655,-3.00262,1394.637306,0.464879102,-8.340611,-0.03752,0.222297735
60,8158,3.22608,-3.0025,1386.297028,0.462099009,-8.340278,-0.03047,0.273720971
70,8168,3.20257,-3.00257,1377.956556,0.459318852,-8.340472,-0.02351,0.354762739
80,8178,3.18405,-3.00265,1369.615861,0.45653862,-8.340695,-0.01852,0.450361501
90,8188,3.16777,-3.00256,1361.275417,0.453758472,-8.340444,-0.01628,0.512312285
100,8198,3.15431,-3.00264,1352.93475,0.45097825,-8.340667,-0.01346,0.619663224
110,8208,3.14274,-3.00271,1344.593889,0.448197963,-8.340861,-0.01157,0.720904149
120,8218,3.13288,-3.00273,1336.252972,0.445417657,-8.340917,-0.00986,0.845934787
130,8228,3.12453,-3.00269,1327.912167,0.442637389,-8.340805,-0.00835,0.998898802
140,8238,3.11733,-3.00276,1319.571167,0.439857056,-8.341,-0.0072,1.158472222
150,8248,3.11131,-3.00244,1311.231056,0.437077019,-8.340111,-0.00602,1.385400498
160,8258,3.10634,-3.00247,1302.890861,0.434296954,-8.340195,-0.00497,1.678107646
170,8268,3.10236,-3.00251,1294.550556,0.431516852,-8.340305,-0.00398,2.09555402
180,8278,3.0992,-3.00251,1286.21025,0.42873675,-8.340306,-0.00316,2.639337342
190,8288,3.09663,-3.00253,1277.869889,0.42595663,-8.340361,-0.00257,3.245276654
200,8298,3.09466,-3.00249,1269.529639,0.423176546,-8.34025,-0.00197,4.233629442
210,8308,3.09319,-3.0027,1261.188806,0.420396269,-8.340833,-0.00147,5.674036054
220,8318,3.09192,-3.00272,1252.847917,0.417615972,-8.340889,-0.00127,6.567629134
230,8328,3.09113,-3.00262,1244.507306,0.414835769,-8.340611,-0.00079,10.55773544
240,8338,3.09054,-3.00268,1236.166528,0.412055509,-8.340778,-0.00059,14.13691186
250,8348,3.09025,-3.00243,1227.826444,0.409275481,-8.340084,-0.00029,28.75891034
260,8358,3.09012,-3.00258,1219.485944,0.406495315,-8.3405,-0.00013,
270,8368,3.09017,-3.0028,1211.144833,0.403714944,-8.341111,5E-05,
280,8378,3.0904,-3.00276,1202.803833,0.400934611,-8.341,0.00023,
290,8388,3.09063,-3.0026,1194.463278,0.398154426,-8.340555,0.00023,
300,8398,3.09088,-3.00262,1186.122667,0.395374222,-8.340611,0.00025,33.362444
310,8408,3.09097,-3.00249,1177.782417,0.392594139,-8.34025,9E-05,
320,8418,3.09104,-3.00258,1169.441917,0.389813972,-8.3405,7E-05,
330,8428,3.09106,-3.00272,1161.101028,0.387033676,-8.340889,2E-05,
340,8438,3.09101,-3.00262,1152.760417,0.384253472,-8.340611,-5E-05,
350,8448,3.09076,-3.00258,1144.419917,0.381473306,-8.3405,-0.00025,
360,8458,3.09047,-3.00274,1136.078972,0.378692991,-8.340945,-0.00029,28.76187931
370,8468,3.09011,-3.00262,1127.738361,0.375912787,-8.340611,-0.00036,23.16836389
380,8478,3.08905,-3.00251,1119.398056,0.373132685,-8.340305,-0.00106,7.868212264
390,8488,3.08913,-3.00255,1111.057639,0.370352546,-8.340417,8E-05,
400,8498,3.0883,-3.00266,1102.716917,0.367572306,-8.340722,-0.00083,10.04906265
410,8508,3.08744,-3.00249,1094.376667,0.364792222,-8.34025,-0.00086,9.697965116
420,8518,3.08652,-3.00268,1086.035889,0.362011963,-8.340778,-0.00092,9.066063043
430,8528,3.08544,-3.00253,1077.695528,0.359231843,-8.340361,-0.00108,7.722556481
440,8538,3.08432,-3.00237,1069.355611,0.35645187,-8.339917,-0.00112,7.446354464
450,8548,3.08296,-3.00249,1061.015361,0.353671787,-8.34025,-0.00136,6.132536765
460,8558,3.0814,-3.00247,1052.675167,0.350891722,-8.340194,-0.00156,5.346278205
470,8568,3.07993,-3.00245,1044.335028,0.348111676,-8.340139,-0.00147,5.673563946
480,8578,3.07809,-3.00254,1035.994639,0.345331546,-8.340389,-0.00184,4.532820109
490,8588,3.07627,-3.00254,1027.65425,0.342551417,-8.340389,-0.00182,4.582631319
500,8598,3.07437,-3.00248,1019.314028,0.339771343,-8.340222,-0.0019,4.389590526
510,8608,3.07234,-3.00262,1010.973417,0.336991139,-8.340611,-0.00203,4.108675369
520,8618,3.06996,-3.00265,1002.632722,0.334210907,-8.340695,-0.00238,3.504493697
530,8628,3.06768,-3.00258,994.2922222,0.331430741,-8.3404998,-0.00228,3.658113947
540,8638,3.06538,-3.00258,985.9517222,0.328650574,-8.3405,-0.0023,3.626304348
550,8648,3.06285,-3.0024,977.6117222,0.325870574,-8.34,-0.00253,3.296442688
560,8658,3.06034,-3.00246,969.2715556,0.323090519,-8.3401666,-0.00251,3.322775538
570,8668,3.05744,-3.00252,960.9312222,0.320310407,-8.3403334,-0.0029,2.875977034
580,8678,3.05459,-3.00233,952.5914167,0.317530472,-8.3398055,-0.00285,2.926247544
590,8688,3.05161,-3.00242,944.2513611,0.314750454,-8.3400556,-0.00298,2.798676376
600,8698,3.04848,-3.00255,935.9109444,0.311970315,-8.3404167,-0.00313,2.664669872
610,8708,3.04515,-3.00269,927.5701389,0.309190046,-8.3408055,-0.00333,2.504746396
620,8718,3.04194,-3.00271,919.2292778,0.306409759,-8.3408611,-0.00321,2.598399097
630,8728,3.03856,-3.00246,910.8891111,0.303629704,-8.3401667,-0.00338,2.467504941
640,8738,3.0352,-3.0027,902.5482778,0.300849426,-8.3408333,-0.00336,2.482390863
650,8748,3.03174,-3.00243,894.2081944,0.298069398,-8.3400834,-0.00346,2.410428728
660,8758,3.02822,-3.00266,885.8674722,0.295289157,-8.3407222,-0.00352,2.369523352
670,8768,3.02491,-3.00259,877.5269444,0.292508981,-8.3405278,-0.00331,2.519796918
680,8778,3.02121,-3.00268,869.1861667,0.289728722,-8.3407777,-0.0037,2.254264243
690,8788,3.01747,-3.00241,860.8461389,0.286948713,-8.3400278,-0.00374,2.229953957
700,8798,3.01383,-3.00256,852.5056944,0.284168565,-8.3404445,-0.00364,2.291330907
710,8808,3.0099,-3.00283,844.1645,0.281388167,-8.3411944,-0.00393,2.122441323
720,8818,3.0062,-3.00254,835.8241111,0.278608037,-8.3403889,-0.0037,2.254159162
730,8828,3.00236,-3.00266,827.4833889,0.275827796,-8.3407222,-0.00384,2.172063073
740,8838,2.99846,-3.00271,819.1425278,0.273047509,-8.3408611,-0.0039,2.138682333
750,8848,2.9947,-3.00273,810.8016111,0.270267204,-8.3409167,-0.00376,2.21832891
760,8858,2.99085,-3.00256,802.4611667,0.267487056,-8.3404444,-0.00385,2.166349195
770,8868,2.98707,-3.00267,794.1204167,0.264706806,-8.34075,-0.00378,2.206547619
780,8878,2.98323,-3.00256,785.7799722,0.261926657,-8.3404445,-0.00384,2.171990755
790,8888,2.97952,-3.00248,777.43975,0.259146583,-8.3402222,-0.00371,2.248038329
800,8898,2.97557,-3.00269,769.0989444,0.256366315,-8.3408056,-0.00395,2.111596354
810,8908,2.9721,-3.00248,760.7587222,0.253586241,-8.3402222,-0.00347,2.403522248
820,8918,2.96824,-3.00269,752.4179167,0.250805972,-8.3408055,-0.00386,2.16083044
830,8928,2.96456,-3.00249,744.0776667,0.248025889,-8.34025,-0.00368,2.266372283
840,8938,2.96083,-3.00263,735.7370278,0.245245676,-8.3406389,-0.00373,2.23609622
850,8948,2.95692,-3.00247,727.3968333,0.242465611,-8.3401945,-0.00391,2.133042072
860,8958,2.95332,-3.00278,719.0557778,0.239685259,-8.3410555,-0.0036,2.316959861
870,8968,2.94964,-3.0027,710.7149444,0.236904981,-8.3408334,-0.00368,2.266530815
880,8978,2.94579,-3.00256,702.3745,0.234124833,-8.3404444,-0.00385,2.166349195
890,8988,2.94208,-3.00266,694.0337778,0.231344593,-8.3407222,-0.00371,2.2481731
900,8998,2.93844,-3.00243,685.6936944,0.228564565,-8.3400834,-0.00364,2.291231703
910,9008,2.93498,-3.00243,677.3536111,0.225784537,-8.3400833,-0.00346,2.410428699
920,9018,2.93156,-3.00254,669.0132222,0.223004407,-8.3403889,-0.00342,2.438710205
930,9028,2.92792,-3.00264,660.6725556,0.220224185,-8.3406666,-0.00364,2.291391923
940,9038,2.9243,-3.00262,652.3319444,0.217443981,-8.3406112,-0.00362,2.304036243
950,9048,2.92048,-3.00242,643.9918889,0.214663963,-8.3400555,-0.00382,2.183260602
960,9058,2.91691,-3.00254,635.6515,0.211883833,-8.3403889,-0.00357,2.336243389
970,9068,2.91323,-3.00248,627.3112778,0.209103759,-8.3402222,-0.00368,2.266364728
980,9078,2.90974,-3.00259,618.97075,0.206323583,-8.3405278,-0.00349,2.389836046
990,9088,2.90611,-3.00255,610.6303333,0.203543444,-8.3404167,-0.00363,2.297635455
1000,9098,2.90274,-3.00244,602.2902222,0.200763407,-8.3401111,-0.00337,2.474810415
1010,9108,2.89888,-3.00255,593.9498056,0.197983269,-8.3404166,-0.00386,2.160729689
1020,9118,2.89523,-3.00284,585.6085833,0.195202861,-8.3412223,-0.00365,2.285266384
1030,9128,2.89178,-3.00288,577.26725,0.192422417,-8.3413333,-0.00345,2.417777768
1040,9138,2.88842,-3.00257,568.9267778,0.189642259,-8.3404722,-0.00336,2.482283393
1050,9148,2.88475,-3.00276,560.5857778,0.186861926,-8.341,-0.00367,2.272752044
1060,9158,2.88098,-3.00245,552.2456389,0.18408188,-8.3401389,-0.00377,2.212238435
1070,9169,2.87718,-3.00249,543.9053889,0.181301796,-8.34025,-0.0038,2.194802632
1080,9179,2.87394,-3.00257,535.5649167,0.178521639,-8.3404722,-0.00324,2.574219815
1090,9189,2.87039,-3.00249,527.2246667,0.175741556,-8.34025,-0.00355,2.349366197
1100,9199,2.86676,-3.00258,518.8841667,0.172961389,-8.3405,-0.00363,2.297658402
1110,9209,2.86318,-3.00264,510.5435,0.170181167,-8.3406667,-0.00358,2.329795168
1120,9219,2.8598,-3.00245,502.2033611,0.16740112,-8.3401389,-0.00338,2.467496716
1130,9229,2.85608,-3.00254,493.8629722,0.164620991,-8.3403889,-0.00372,2.242040027
1140,9239,2.85269,-3.00264,485.5223056,0.161840769,-8.3406666,-0.00339,2.460373628
1150,9249,2.84906,-3.00267,477.1815556,0.159060519,-8.34075,-0.00363,2.297727273
1160,9259,2.84577,-3.00231,468.8418056,0.156280602,-8.33975,-0.00329,2.534878419
1170,9269,2.84239,-3.00256,460.5013611,0.153500454,-8.3404445,-0.00338,2.46758713
1180,9279,2.83885,-3.00258,452.1608611,0.150720287,-8.3405,-0.00354,2.356073446
1190,9289,2.83541,-3.00265,443.8201667,0.147940056,-8.3406944,-0.00344,2.424620465
1200,9299,2.83187,-3.00255,435.47975,0.145159917,-8.3404167,-0.00354,2.356049915
1210,9309,2.82833,-3.00244,427.1396389,0.14237988,-8.3401111,-0.00354,2.355963588
1220,9319,2.82465,-3.00255,418.7992222,0.139599741,-8.3404167,-0.00368,2.266417582
1230,9329,2.8213,-3.00244,410.4591111,0.136819704,-8.3401111,-0.00335,2.489585403
1240,9339,2.8177,-3.00247,402.1189167,0.134039639,-8.3401944,-0.0036,2.316720667
1250,9349,2.81414,-3.00251,393.7786111,0.131259537,-8.3403056,-0.00356,2.342782472
1260,9359,2.81051,-3.00259,385.4380833,0.128479361,-8.3405278,-0.00363,2.297666061
1270,9369,2.80684,-3.00274,377.0971389,0.125699046,-8.3409444,-0.00367,2.272736894
1280,9379,2.8036,-3.00255,368.7567222,0.122918907,-8.3404167,-0.00324,2.574202685
1290,9389,2.79996,-3.00262,360.4161111,0.120138704,-8.3406111,-0.00364,2.291376676
1300,9399,2.79626,-3.00241,352.0760833,0.117358694,-8.3400278,-0.0037,2.254061568
1310,9409,2.79238,-3.00249,343.7358333,0.114578611,-8.34025,-0.00388,2.149548969
1320,9419,2.78854,-3.00258,335.3953333,0.111798444,-8.3405,-0.00384,2.172005208
1330,9429,2.78447,-3.00239,327.0553611,0.109018454,-8.3399722,-0.00407,2.049133219
1340,9439,2.78054,-3.0026,318.7148056,0.106238269,-8.3405555,-0.00393,2.122278753
1350,9449,2.77643,-3.00233,310.375,0.103458333,-8.3398056,-0.00411,2.029149781
1360,9459,2.77221,-3.0026,302.0344444,0.100678148,-8.3405556,-0.00422,1.976434976
1370,9469,2.76784,-3.00246,293.6942778,0.097898093,-8.3401666,-0.00437,1.908504943
1380,9479,2.76356,-3.0025,285.354,0.095118,-8.3402778,-0.00428,1.948663037
1390,9489,2.75917,-3.00244,277.0138889,0.092337963,-8.3401111,-0.00439,1.899797517
1400,9499,2.7549,-3.0025,268.6736111,0.08955787,-8.3402778,-0.00427,1.953226651
1410,9509,2.75019,-3.00246,260.3334444,0.086777815,-8.3401667,-0.00471,1.77073603
1420,9519,2.74533,-3.00251,251.9931389,0.083997713,-8.3403055,-0.00486,1.716112243
1430,9529,2.74039,-3.00274,243.6521944,0.081217398,-8.3409445,-0.00494,1.688450304
1440,9539,2.73468,-3.00224,235.3126389,0.078437546,-8.3395555,-0.00571,1.460517601
1450,9549,2.73013,-3.00253,226.9722778,0.075657426,-8.3403611,-0.00455,1.833046396
1460,9559,2.7247,-3.00253,218.6319167,0.072877306,-8.3403611,-0.00543,1.535978103
1470,9569,2.71911,-3.00245,210.2917778,0.070097259,-8.3401389,-0.00559,1.491974758
1480,9579,2.71341,-3.00247,201.9515833,0.067317194,-8.3401945,-0.0057,1.463192018
1490,9589,2.70751,-3.00225,193.612,0.064537333,-8.3395833,-0.0059,1.413488695
1500,9599,2.70143,-3.00242,185.2719444,0.061757315,-8.3400556,-0.00608,1.371719671
1510,9609,2.69548,-3.00263,176.9313056,0.058977102,-8.3406388,-0.00595,1.401788034
1520,9619,2.6894,-3.0025,168.5910278,0.056197009,-8.3402778,-0.00608,1.371756217
1530,9629,2.68283,-3.00248,160.2508056,0.053416935,-8.3402222,-0.00657,1.269440213
1540,9639,2.67601,-3.00257,151.9103333,0.050636778,-8.3404723,-0.00682,1.222943152
1550,9649,2.66883,-3.00266,143.5696111,0.047856537,-8.3407222,-0.00718,1.161660474
1560,9659,2.66162,-3.00249,135.2293611,0.045076454,-8.34025,-0.00721,1.156761442
1570,9669,2.65413,-3.00266,126.8886389,0.042296213,-8.3407222,-0.00749,1.113581068
1580,9679,2.64638,-3.00237,118.5487222,0.039516241,-8.3399167,-0.00775,1.076118284
1590,9689,2.63836,-3.00239,110.20875,0.03673625,-8.3399722,-0.00802,1.039896783
1600,9699,2.6298,-3.00229,101.8690556,0.033956352,-8.3396944,-0.00856,0.974263364
1610,9709,2.62167,-3.00254,93.52866667,0.031176222,-8.34038893,-0.00813,1.025878097
1620,9719,2.61329,-3.00259,85.18813889,0.028396046,-8.34052778,-0.00838,0.995289711
1630,9729,2.6047,-3.00249,76.84788889,0.025615963,-8.34025,-0.00859,0.970925495
1640,9739,2.5954,-3.00245,68.50775,0.022835917,-8.34013889,-0.0093,0.896789128
1650,9749,2.58567,-3.00264,60.16708333,0.020055694,-8.34066667,-0.00973,0.857211374
1660,9759,2.57568,-3.00251,51.82677778,0.017275593,-8.34030555,-0.00999,0.83486542
1670,9769,2.56525,-3.00248,43.48655556,0.014495519,-8.34022222,-0.01043,0.799637797
1680,9779,2.55443,-3.0025,35.14627778,0.011715426,-8.34027778,-0.01082,0.770820497
1690,9789,2.54341,-3.00246,26.80611111,0.00893537,-8.34016667,-0.01102,0.756820932
1700,9799,2.53209,-3.00265,18.46541667,0.006155139,-8.34069444,-0.01132,0.736810463
1710,9809,2.51992,-3.00253,10.12505556,0.003375019,-8.34036111,-0.01217,0.685321373
1720,9819,2.50774,-3.0026,1.7845,0.000594833,-8.34055556,-0.01218,0.684774677
1730,9822,2.49884,-3.00268,-6.556277778,-0.002185426,-8.340777778,-0.0089,0.937166042
